15.4 3927
17.400000000000002 3415
19.599999999999998 3545
19.599999999999998 3798
20.200000000000003 3945
20.8 3752
21.0 3531
21.2 3534
21.3 3423
21.6 3699
21.6 3981
21.9 3479
21.9 3629
21.9 3889
22.2 3485
22.2 3492
22.3 3630
22.500000000000004 3956
22.6 3853
22.7 3511
22.7 3637
22.9 3723
23.3 3434
23.5 3905
23.700000000000003 3860
23.700000000000003 3960
23.900000000000002 3732
24.0 3763
24.200000000000003 3825
24.7 3682
24.8 3572
24.900000000000002 3715
25.2 3734
25.400000000000002 3744
25.6 3848
25.8 3949
26.0 3443
26.0 3472
26.0 3582
26.1 3681
26.3 3463
26.4 3651
26.6 3480
26.6 3873
26.7 3505
26.7 3795
26.9 3739
26.9 3869
27.0 3820
27.0 3870
27.0 3935
27.1 3504
27.1 3656
27.200000000000003 3750
27.3 3810
27.4 3602
27.4 3803
27.6 3521
27.6 3605
27.6 3729
27.700000000000003 3561
27.700000000000003 3650
27.900000000000002 3606
28.099999999999998 3749
28.400000000000002 3813
28.6 3786
28.6 3995
28.7 3675
28.7 3859
29.5 3571
29.7 3512
29.8 3785
29.8 3788
29.8 3833
30.3 3455
30.3 3643
30.4 3760
30.8 3500
31.0 3585
31.0 3738
31.0 3962
31.1 3793
31.5 3425
31.6 3804
31.6 3992
31.8 3624
32.199999999999996 3874
32.300000000000004 3797
32.4 3924
32.5 3918
32.699999999999996 3481
33.0 3535
33.1 3613
33.2 3704
33.2 3850
33.5 3733
33.6 3595
33.6 3904
33.800000000000004 3864
34.2 3619
34.2 3737
34.4 3936
34.5 3872
34.6 3587
35.300000000000004 3878
35.6 3751
35.7 3741
36.0 3579
36.2 3502
36.2 3982
36.3 3401
36.4 3435
36.50000000000001 3885
36.7 3640
36.8 3826
36.9 3999
37.3 3417
37.7 3556
37.7 3980
37.8 3406
37.900000000000006 3927
38.0 3541
38.1 3400
38.2 3717
38.400000000000006 3712
38.5 3573
38.6 3942
38.8 3899
39.0 3677
39.199999999999996 3424
39.400000000000006 3506
39.699999999999996 3916
39.800000000000004 3588
39.800000000000004 3654
39.800000000000004 3659
40.300000000000004 3686
40.300000000000004 3887
40.400000000000006 3708
40.400000000000006 3930
40.5 3530
40.5 3533
40.6 3498
40.6 3597
40.6 3642
40.6 3652
40.9 3403
41.0 3422
41.0 3546
41.0 3893
41.0 3984
41.1 3405
41.1 3934
41.300000000000004 3964
41.5 3693
41.6 3470
41.6 3748
41.7 3808
41.9 3483
42.1 3809
42.300000000000004 3426
42.4 3460
42.7 3979
42.9 3768
43.7 3683
43.8 3757
43.9 3620
44.3 3963
44.4 3515
44.6 3993
44.7 3858
44.9 3792
45.2 3539
45.4 3449
45.4 3450
45.4 3991
45.6 3881
45.6 3937
46.0 3770
46.0 3782
46.1 3698
46.400000000000006 3509
46.400000000000006 3679
46.6 3626
46.8 3673
47.0 3648
47.1 3672
47.199999999999996 3842
47.300000000000004 3513
47.300000000000004 3621
47.400000000000006 3998
47.699999999999996 3404
48.1 3868
48.1 3975
48.199999999999996 3773
48.5 3471
48.699999999999996 3772
48.699999999999996 3832
48.800000000000004 3861
48.9 3805
49.0 3544
49.0 3623
49.6 3669
49.7 3884
50.0 3720
50.0 3838
50.1 3484
50.4 3966
50.6 3412
50.7 3653
50.800000000000004 3973
50.9 3685
51.0 3536
51.1 3894
51.4 3521
52.1 3939
52.2 3469
52.2 3494
52.3 3490
52.4 3586
52.50000000000001 3719
52.6 3978
53.2 3454
53.3 3480
53.6 3843
53.6 3854
53.7 3816
54.0 3410
54.0 3420
54.3 3514
54.3 3972
54.400000000000006 3559
54.400000000000006 3990
54.5 3802
54.7 3569
54.7 3955
54.8 3689
54.900000000000006 3482
54.900000000000006 3766
55.0 3421
55.0 3907
55.300000000000004 3950
55.5 3644
55.5 3671
55.5 3957
55.699999999999996 3989
55.800000000000004 3600
55.800000000000004 3928
55.900000000000006 3760
56.0 3522
56.1 3774
56.199999999999996 3938
56.5 3636
56.6 3680
56.6 3853
57.1 3783
57.300000000000004 3538
57.9 3466
58.0 3465
58.7 3402
58.9 3606
59.0 3729
59.300000000000004 3926
59.6 3807
59.7 3831
59.800000000000004 3992
60.2 3694
60.4 3829
60.4 3890
60.4 3913
60.50000000000001 3769
60.6 3437
60.7 3674
60.9 3925
60.9 3987
61.1 3846
61.1 3948
61.2 3856
61.3 3696
61.4 3589
61.4 3737
61.4 3952
61.50000000000001 3727
61.50000000000001 3875
61.7 3525
61.7 3906
61.900000000000006 3579
62.0 3645
62.1 3552
62.1 3593
62.1 3946
62.2 3518
62.2 3602
62.2 3697
62.3 3988
62.400000000000006 3823
62.6 3511
63.0 3799
63.1 3628
63.300000000000004 3629
63.4 3865
63.9 3519
64.0 3478
64.0 3969
64.10000000000001 3839
64.30000000000001 3501
64.60000000000001 3565
64.7 3801
65.10000000000001 3562
65.10000000000001 3646
65.10000000000001 3709
65.2 3547
65.3 3611
65.39999999999999 3532
65.39999999999999 3662
65.5 3425
65.60000000000001 3637
65.8 3459
65.8 3563
65.9 3744
66.10000000000001 3453
66.10000000000001 3561
66.2 3554
66.3 3575
66.5 3682
66.5 3818
67.10000000000001 3625
67.10000000000001 3745
67.3 3548
67.7 3811
68.0 3551
68.19999999999999 3754
68.3 3413
68.7 3631
69.10000000000001 3712
69.3 3901
69.4 3457
69.7 3619
69.7 3764
69.8 3787
70.2 3940
70.4 3468
70.5 3650
70.8 3979
70.9 3756
71.0 3806
71.1 3576
71.2 3700
71.2 3916
71.4 3533
71.5 3658
71.5 3733
71.6 3604
71.7 3504
71.7 3964
71.9 3824
72.0 3473
72.0 3688
72.6 3912
72.8 3651
72.8 3917
72.9 3722
73.00000000000001 3996
73.1 3456
73.1 3592
73.1 3949
73.2 3583
73.2 3599
73.2 3921
73.3 3560
73.50000000000001 3821
73.9 3991
74.1 3742
74.2 3752
74.8 3667
74.9 3748
75.4 3778
75.4 3971
75.7 3665
75.80000000000001 3795
76.0 3634
76.4 3566
76.7 3472
77.0 3463
77.1 3847
77.5 3728
77.6 3598
77.80000000000001 3542
77.80000000000001 3750
77.80000000000001 3872
78.0 3471
78.0 3657
78.0 3868
78.1 3455
78.1 3834
78.30000000000001 3445
78.30000000000001 3476
78.80000000000001 3630
78.80000000000001 3670
79.0 3443
79.2 3515
79.2 3749
79.2 3794
79.60000000000001 3534
79.80000000000001 3605
79.80000000000001 3753
79.80000000000001 3800
79.80000000000001 3918
80.30000000000001 3935
80.39999999999999 3981
80.60000000000001 3903
81.0 3467
81.10000000000001 3945
81.2 3656
81.2 3888
81.2 3923
81.5 3577
81.60000000000001 3961
81.7 3891
81.8 3982
81.9 3545
82.3 3884
82.4 3483
82.4 3498
82.60000000000001 3405
82.60000000000001 3549
82.7 3757
82.8 3474
83.10000000000001 3805
83.2 3699
83.2 3832
83.3 3716
83.4 3841
83.5 3977
83.60000000000001 3845
83.7 3721
84.0 3714
84.5 3927
84.7 3900
85.0 3633
85.5 3416
85.60000000000001 3588
85.60000000000001 3953
85.9 3582
86.10000000000001 3579
86.10000000000001 3815
86.5 3535
86.8 3826
86.8 3998
87.0 3466
87.0 3695
87.0 3702
87.10000000000001 3594
87.2 3496
87.3 3970
87.4 3623
87.7 3820
87.8 3880
87.9 3933
88.0 3654
88.2 3677
88.50000000000001 3785
88.6 3958
88.8 3831
88.8 3906
89.1 3724
89.1 3777
89.1 3835
89.2 3648
89.3 3617
89.6 3616
89.8 3771
90.1 3408
90.3 3485
90.6 3788
90.7 3857
90.7 3859
91.3 3807
91.9 3462
92.0 3525
92.1 3491
92.30000000000001 3481
92.5 3870
92.6 3530
92.6 3638
92.7 3951
93.0 3567
93.1 3718
93.2 3635
93.4 3503
93.5 3475
93.5 3541
93.5 3590
93.5 3976
93.6 3962
93.80000000000001 3772
94.0 3700
94.0 3779
94.1 3669
94.1 3978
94.30000000000001 3621
94.7 3441
94.7 3723
94.7 3825
95.0 3486
95.10000000000001 3989
95.2 3881
95.30000000000001 3636
95.5 3423
95.5 3431
95.60000000000001 3479
95.7 3601
96.0 3578
96.39999999999999 3452
96.60000000000001 3886
96.7 3874
97.0 3516
97.0 3803
97.0 3810
97.10000000000001 3747
97.5 3586
97.60000000000001 3993
97.8 3537
97.9 3560
97.9 3628
98.10000000000001 3932
98.2 3713
98.3 3776
98.4 3818
98.7 3661
98.8 3917
98.9 3999
99.2 3950
99.60000000000001 3769
99.7 3433
100.0 3518
100.0 3646
100.2 3492
100.3 3763
100.60000000000001 3799
100.60000000000001 3814
101.2 3400
101.4 3685
101.4 3707
101.4 3726
101.60000000000001 3613
101.60000000000001 3642
101.60000000000001 3919
101.7 3856
102.0 3719
102.10000000000001 3519
102.10000000000001 3694
102.10000000000001 3773
102.10000000000001 3984
102.2 3686
102.3 3506
102.3 3529
102.60000000000001 3727
102.7 3527
102.7 3626
102.7 3678
103.2 3403
103.60000000000001 3838
103.8 3730
103.9 3643
104.2 3738
104.4 3523
104.4 3985
104.8 3478
105.1 3630
105.3 3692
105.3 3843
105.50000000000001 3817
105.6 3876
105.7 3484
106.4 3487
106.4 3894
106.8 3717
107.2 3622
107.5 3454
107.6 3896
107.80000000000001 3637
107.9 3440
107.9 3860
108.0 3451
108.0 3663
108.6 3774
108.6 3809
108.7 3668
108.80000000000001 3791
109.0 3822
109.2 3477
109.2 3543
109.7 3703
109.80000000000001 3898
110.1 3592
110.1 3798
110.30000000000001 3651
110.4 3412
110.4 3413
110.60000000000001 3784
110.80000000000001 3564
110.80000000000001 3764
110.89999999999999 3775
111.0 3797
111.0 3949
111.2 3524
111.2 3786
111.2 3869
111.60000000000001 3597
111.60000000000001 3640
111.60000000000001 3706
111.60000000000001 3840
112.5 3468
112.5 3751
112.7 3963
113.0 3570
113.10000000000001 3418
113.2 3683
113.30000000000001 3488
113.39999999999999 3688
113.60000000000001 3789
114.0 3680
114.2 3960
114.3 3839
114.4 3641
114.60000000000001 3938
114.9 3425
114.9 3604
114.9 3765
115.10000000000001 3655
115.10000000000001 3928
115.2 3934
115.60000000000001 3609
115.7 3927
116.0 3665
116.4 3666
116.9 3532
117.0 3415
117.0 3736
117.10000000000001 3768
117.7 3416
117.7 3897
117.7 3901
118.0 3767
118.60000000000001 3563
118.7 3820
118.7 3959
119.0 3962
119.10000000000001 3605
119.10000000000001 3673
119.10000000000001 3895
119.2 3508
119.3 3577
119.3 3603
119.4 3936
119.5 3424
119.5 3500
119.60000000000001 3515
119.7 3900
120.0 3690
120.0 3841
120.10000000000001 3457
120.10000000000001 3952
120.7 3691
120.7 3916
120.8 3634
120.8 3741
120.8 3994
120.9 3734
120.9 3878
121.00000000000001 3437
121.1 3823
121.4 3676
121.4 3857
121.50000000000001 3493
121.50000000000001 3998
122.1 3653
122.2 3732
122.3 3842
122.3 3861
122.4 3623
122.4 3812
122.4 3834
122.6 3956
122.8 3778
123.00000000000001 3602
123.1 3819
123.50000000000001 3526
123.6 3624
123.80000000000001 3951
124.2 3627
124.4 3522
124.80000000000001 3459
124.9 3802
125.0 3575
125.0 3965
125.3 3760
125.3 3818
125.7 3954
125.7 3970
126.0 3598
126.0 3704
126.2 3507
126.5 3505
126.60000000000001 3972
126.8 3546
126.9 3470
127.0 3830
127.10000000000002 3887
127.10000000000002 3909
127.2 3558
127.3 3419
127.3 3800
127.5 3705
127.5 3755
127.9 3442
128.0 3528
128.0 3783
128.0 3877
128.29999999999998 3684
128.4 3899
128.79999999999998 3647
129.20000000000002 3613
129.5 3631
129.5 3698
129.70000000000002 3486
129.79999999999998 3964
129.9 3404
129.9 3752
129.9 3974
130.1 3453
130.1 3525
130.5 3411
130.5 3576
130.6 3745
130.9 3926
131.3 3481
131.3 3584
131.4 3504
131.4 3773
131.6 3715
131.6 3862
131.70000000000002 3991
132.0 3635
132.1 3707
132.20000000000002 3697
132.4 3882
132.5 3730
132.8 3548
132.8 3815
132.9 3523
133.1 3735
133.1 3881
133.20000000000002 3971
133.4 3596
133.5 3945
133.8 3662
134.0 3654
134.0 3681
134.6 3833
134.70000000000002 3700
135.20000000000002 3915
135.4 3766
135.5 3645
135.6 3747
135.8 3517
136.0 3520
136.20000000000002 3516
136.39999999999998 3761
136.6 3626
136.6 3788
137.4 3586
138.6 3422
138.70000000000002 3995
138.8 3789
138.8 3988
138.9 3743
139.0 3803
139.1 3509
139.20000000000002 3813
139.4 3625
139.6 3905
139.70000000000002 3513
139.70000000000002 3679
139.9 3616
140.0 3846
140.3 3903
140.5 3456
140.6 3587
140.8 3536
140.9 3924
141.0 3538
141.1 3557
141.3 3498
141.5 3533
141.70000000000002 3593
141.9 3728
142.0 3539
142.0 3689
142.3 3805
142.3 3940
142.4 3621
142.8 3839
143.0 3856
143.2 3908
143.6 3650
143.6 3975
143.8 3620
143.9 3721
143.9 3810
144.0 3638
144.2 3808
144.2 3889
144.50000000000003 3589
144.6 3463
144.6 3770
144.7 3461
144.7 3709
144.7 3710
144.8 3890
144.9 3436
144.9 3845
145.1 3759
145.2 3866
145.4 3582
145.7 3403
145.9 3465
146.1 3402
146.50000000000003 3495
146.6 3860
147.00000000000003 3927
147.1 3566
147.3 3672
147.50000000000003 3485
147.50000000000003 3648
147.6 3901
147.9 3733
147.9 3858
148.1 3424
148.6 3460
148.9 3441
148.9 3552
148.9 3864
148.9 3935
149.0 3579
149.0 3937
149.2 3556
149.3 3682
149.4 3737
149.4 3884
149.4 3957
149.9 3931
150.4 3633
150.4 3725
150.4 3797
150.5 3450
150.6 3831
150.7 3738
150.7 3918
150.8 3955
151.10000000000002 3583
151.10000000000002 3835
151.10000000000002 3850
151.10000000000002 3898
151.2 3992
151.60000000000002 3762
151.7 3494
151.8 3879
152.0 3686
152.2 3496
152.3 3487
152.7 3409
153.2 3706
153.3 3785
153.4 3836
153.5 3421
153.7 3950
153.7 3973
153.8 3553
153.8 3996
153.9 3527
154.10000000000002 3936
154.2 3887
154.3 3474
154.5 3567
154.5 3933
154.8 3568
154.8 3691
154.8 3727
154.9 3867
155.0 3902
155.2 3880
155.7 3871
155.79999999999998 3904
156.0 3771
156.29999999999998 3661
156.60000000000002 3694
157.29999999999998 3713
157.4 3796
157.79999999999998 3717
157.9 3732
158.0 3659
158.29999999999998 3585
158.29999999999998 3718
158.4 3849
158.5 3410
158.60000000000002 3722
158.9 3922
159.0 3408
159.10000000000002 3605
159.10000000000002 3977
159.20000000000002 3446
159.29999999999998 3546
159.29999999999998 3559
159.60000000000002 3779
159.70000000000002 3420
159.70000000000002 3829
159.70000000000002 3843
159.79999999999998 3646
160.10000000000002 3531
160.10000000000002 3719
160.29999999999998 3772
160.4 3642
160.79999999999998 3435
160.9 3896
161.60000000000002 3665
162.5 3530
162.6 3497
162.79999999999998 3798
162.9 3769
163.20000000000002 3522
163.6 3431
163.6 3634
163.6 3897
163.70000000000002 3799
163.8 3886
164.20000000000002 3804
164.3 3716
164.3 3857
164.4 3827
164.4 3978
164.5 3475
164.70000000000002 3976
164.9 3448
165.0 3820
165.1 3506
165.4 3861
165.5 3452
165.5 3549
165.5 3930
165.6 3681
165.6 3817
165.6 3962
165.8 3715
165.8 3774
165.9 3428
165.9 3868
166.1 3735
166.3 3629
166.3 3963
166.70000000000002 3832
166.70000000000002 3934
166.8 3480
166.9 3782
167.1 3429
167.1 3724
167.3 3673
167.5 3440
167.5 3891
167.6 3571
167.70000000000002 3447
167.70000000000002 3471
168.3 3731
168.4 3449
168.5 3685
168.89999999999998 3523
169.0 3652
169.1 3515
169.4 3577
169.9 3406
170.4 3944
170.5 3984
170.9 3998
171.1 3493
171.1 3675
171.5 3969
171.6 3595
171.70000000000002 3707
171.8 3404
171.9 3512
172.0 3899
172.3 3734
172.4 3417
172.5 3631
172.6 3601
172.70000000000002 3972
172.8 3432
172.9 3916
173.0 3464
173.20000000000002 3699
173.20000000000002 3956
173.20000000000002 3970
173.3 3905
173.5 3467
173.6 3473
173.6 3597
173.6 3960
173.8 3551
173.9 3617
174.3 3636
174.5 3586
174.5 3650
174.5 3815
174.8 3437
174.9 3604
175.3 3666
175.5 3696
175.6 3639
175.6 3927
175.7 3542
176.1 3792
176.50000000000003 3864
176.7 3476
176.7 3764
176.7 3794
176.7 3813
176.8 3744
176.9 3834
177.1 3490
177.2 3833
177.3 3755
177.50000000000003 3489
177.50000000000003 3840
177.50000000000003 3955
177.7 3668
177.8 3414
177.8 3544
178.00000000000003 3415
178.3 3741
178.4 3679
178.50000000000003 3698
178.50000000000003 3758
178.9 3671
179.3 3578
179.4 3847
179.7 3573
179.8 3477
180.1 3556
180.7 3580
180.7 3768
180.8 3802
181.00000000000003 3425
181.1 3543
181.1 3947
181.2 3552
181.3 3862
181.7 3623
181.8 3615
182.0 3641
182.2 3418
182.5 3485
182.5 3533
182.7 3745
182.7 3841
183.3 3491
183.4 3803
183.5 3456
183.5 3602
183.5 3968
183.60000000000002 3844
183.7 3630
183.7 3680
184.4 3481
184.5 3954
184.60000000000002 3424
184.7 3457
184.7 3894
184.8 3816
184.9 3572
185.10000000000002 3776
185.2 3614
185.3 3508
185.4 3538
186.3 3470
186.4 3511
186.4 3619
186.8 3720
186.9 3662
187.2 3965
187.4 3738
187.60000000000002 3857
187.7 3528
187.7 3953
187.7 3975
188.0 3700
188.0 3900
188.10000000000002 3539
188.60000000000002 3444
188.60000000000002 3903
188.7 3545
188.9 3919
189.10000000000002 3779
189.10000000000002 3995
189.20000000000002 3555
189.79999999999998 3909
190.0 3430
190.10000000000002 3751
190.29999999999998 3607
190.29999999999998 3687
190.29999999999998 3730
190.5 3407
190.70000000000002 3479
190.79999999999998 3726
191.0 3589
191.20000000000002 3929
191.4 3883
191.70000000000002 3451
191.70000000000002 3957
191.79999999999998 3569
191.79999999999998 3874
191.9 3575
192.10000000000002 3739
192.29999999999998 3594
192.4 3609
192.60000000000002 3459
192.70000000000002 3942
192.79999999999998 3524
192.79999999999998 3649
192.79999999999998 3946
192.9 3643
192.9 3877
193.0 3438
193.0 3509
193.0 3763
193.10000000000002 3693
193.10000000000002 3917
193.20000000000002 3806
193.20000000000002 3818
193.20000000000002 3845
193.29999999999998 3683
193.4 3507
193.5 3788
193.60000000000002 3784
193.70000000000002 3796
194.0 3521
194.0 3938
194.10000000000002 3439
194.20000000000002 3797
194.60000000000002 3842
194.60000000000002 3912
194.70000000000002 3483
194.70000000000002 3618
195.20000000000002 3529
195.3 3486
195.70000000000002 3442
195.9 3488
196.1 3985
196.5 3654
196.5 3682
196.5 3966
196.6 3690
196.6 3967
197.1 3819
197.1 3934
197.3 3935
197.4 3500
197.4 3501
197.70000000000002 3487
198.1 3787
198.20000000000002 3825
198.3 3958
198.6 3937
199.0 3484
199.1 3505
199.20000000000002 3745
199.20000000000002 3881
199.70000000000002 3733
200.0 3746
200.1 3752
200.4 3770
200.5 3888
200.8 3828
200.9 3406
201.0 3468
201.1 3605
201.3 3699
201.5 3820
202.0 3476
202.1 3773
202.3 3429
202.3 3576
202.4 3941
202.5 3432
202.70000000000002 3940
203.1 3854
203.20000000000002 3631
203.3 3723
203.6 3592
203.70000000000002 3474
203.70000000000002 3712
204.20000000000002 3606
204.3 3767
204.8 3445
204.8 3644
205.0 3783
205.20000000000002 3426
205.3 3949
205.4 3927
205.5 3944
205.6 3759
205.6 3869
205.70000000000002 3405
205.9 3889
206.1 3987
206.20000000000002 3547
206.3 3586
206.5 3837
206.70000000000002 3976
206.9 3918
207.1 3533
207.3 3536
207.6 3892
207.70000000000002 3843
207.9 3584
208.0 3645
208.4 3667
208.50000000000003 3670
208.6 3798
208.7 3632
208.8 3554
209.3 3928
209.50000000000003 3744
209.50000000000003 3853
209.8 3846
209.8 3997
210.3 3999
210.4 3982
210.7 3630
210.9 3489
211.3 3557
211.50000000000003 3498
211.6 3822
211.8 3416
211.9 3749
212.00000000000003 3627
212.00000000000003 3836
212.1 3811
212.2 3989
212.50000000000003 3703
212.7 3622
212.8 3931
212.9 3801
213.00000000000003 3831
213.2 3449
213.4 3549
213.7 3495
213.7 3556
213.7 3684
213.9 3715
213.9 3718
214.1 3814
214.2 3464
214.3 3762
214.4 3466
214.4 3674
214.7 3848
215.0 3815
215.10000000000002 3677
215.2 3722
215.4 3779
215.5 3651
215.5 3790
215.60000000000002 3786
215.7 3792
215.7 3950
215.8 3662
215.9 3566
215.9 3747
216.2 3433
216.3 3473
216.3 3503
216.60000000000002 3608
216.60000000000002 3838
216.7 3544
216.8 3581
216.9 3499
216.9 3867
217.0 3424
217.0 3780
217.0 3785
217.2 3998
217.5 3400
217.8 3522
217.8 3639
217.8 3694
217.8 3711
217.9 3875
218.0 3523
218.0 3866
218.3 3750
218.4 3404
218.4 3597
218.8 3629
219.0 3604
219.4 3519
219.4 3579
219.7 3508
219.9 3860
219.9 3962
220.2 3863
220.60000000000002 3691
220.9 3731
221.10000000000002 3530
221.4 3458
221.60000000000002 3800
221.79999999999998 3756
222.20000000000002 3526
222.5 3859
222.5 3990
222.60000000000002 3911
222.79999999999998 3807
222.79999999999998 3810
223.0 3732
223.20000000000002 3417
223.4 3623
223.60000000000002 3562
223.60000000000002 3914
223.79999999999998 3748
223.79999999999998 3971
223.9 3872
224.0 3710
224.20000000000002 3515
224.20000000000002 3617
224.29999999999998 3908
224.60000000000002 3413
224.70000000000002 3858
225.10000000000002 3896
225.20000000000002 3672
225.29999999999998 3717
225.5 3420
225.5 3789
225.5 3983
225.60000000000002 3517
225.79999999999998 3975
225.9 3448
226.0 3793
226.0 3865
226.10000000000002 3525
226.10000000000002 3919
226.5 3993
226.60000000000002 3551
226.79999999999998 3963
226.9 3823
227.10000000000002 3593
228.0 3818
228.0 3969
228.1 3849
228.3 3787
228.3 3905
228.5 3857
228.6 3612
228.70000000000002 3658
229.1 3419
229.20000000000002 3518
229.20000000000002 3901
229.4 3479
229.5 3567
229.70000000000002 3480
229.8 3548
229.8 3616
229.8 3760
229.8 3885
229.9 3830
230.0 3506
230.1 3825
230.3 3922
230.4 3542
230.5 3634
230.6 3646
231.0 3986
231.3 3501
231.3 3797
231.4 3403
231.6 3824
231.70000000000002 3583
232.5 3563
232.8 3727
233.0 3600
233.1 3620
233.3 3660
233.3 3949
233.5 3468
233.6 3763
233.8 3669
234.20000000000002 3427
234.3 3902
234.70000000000002 3441
235.3 3408
235.3 3626
235.3 3868
235.4 3469
235.70000000000002 3855
236.0 3538
236.0 3719
236.3 3686
236.4 3553
236.4 3981
236.4 3984
236.5 3621
236.5 3656
236.70000000000002 3633
236.8 3938
236.9 3926
237.0 3592
237.0 3649
237.20000000000002 3470
237.3 3650
237.3 3784
237.4 3467
237.4 3527
237.4 3734
237.4 3751
237.9 3643
238.1 3578
238.1 3904
238.4 3693
238.4 3833
238.5 3957
238.6 3546
238.6 3664
238.70000000000002 3513
238.8 3628
238.9 3728
239.0 3695
239.0 3947
239.1 3702
239.20000000000002 3407
239.70000000000002 3781
239.9 3879
240.1 3891
240.3 3805
240.50000000000003 3410
240.50000000000003 3558
240.70000000000002 3648
241.00000000000003 3907
241.6 3843
241.8 3512
242.00000000000003 3687
242.50000000000003 3409
242.50000000000003 3615
242.50000000000003 3671
242.50000000000003 3737
242.50000000000003 3927
242.6 3667
242.8 3431
243.00000000000003 3951
243.2 3708
243.3 3439
243.50000000000003 3854
243.6 3492
243.7 3451
243.8 3726
243.9 3571
244.00000000000003 3466
244.2 3561
244.2 3750
244.50000000000003 3619
244.6 3782
244.7 3970
245.1 3738
245.1 3956
245.2 3455
245.9 3457
245.9 3980
247.10000000000002 3509
247.4 3416
247.50000000000003 3990
247.60000000000002 3536
247.8 3826
248.0 3780
248.10000000000002 3595
248.3 3610
248.7 3834
248.7 3954
248.8 3897
248.9 3476
248.9 3508
248.9 3549
249.0 3692
249.10000000000002 3873
249.2 3590
249.3 3958
249.4 3482
249.4 3803
249.9 3992
250.20000000000002 3453
250.20000000000002 3662
250.3 3766
250.3 3895
250.3 3912
250.5 3461
250.5 3673
250.6 3945
250.70000000000002 3647
250.70000000000002 3663
251.20000000000002 3477
251.9 3707
252.0 3422
252.1 3764
252.20000000000002 3577
252.3 3552
252.3 3582
252.5 3856
253.0 3820
253.5 3507
253.8 3430
253.9 3939
254.0 3838
254.20000000000005 3471
254.20000000000005 3755
254.4 3591
254.4 3631
254.5 3459
254.5 3758
254.70000000000005 3586
254.70000000000005 3696
254.8 3559
254.9 3533
254.9 3746
255.20000000000005 3850
255.3 3500
255.3 3534
255.6 3428
255.6 3852
255.70000000000005 3899
255.8 3402
256.0 3771
256.40000000000003 3535
256.40000000000003 3729
256.59999999999997 3474
256.8 3995
257.20000000000005 3815
257.5 3817
257.59999999999997 3456
257.7 3813
257.7 3991
258.5 3804
258.90000000000003 3651
259.09999999999997 3462
259.2 3840
259.59999999999997 3425
259.59999999999997 3713
259.59999999999997 3767
259.7 3569
259.8 3931
259.90000000000003 3566
259.90000000000003 3752
260.0 3418
260.2 3543
260.3 3887
260.40000000000003 3515
260.59999999999997 3778
260.90000000000003 3878
261.0 3661
261.09999999999997 3544
261.2 3807
261.40000000000003 3576
261.5 3481
261.5 3528
261.7 3905
261.90000000000003 3865
262.0 3641
262.0 3762
262.09999999999997 3944
262.3 3426
262.3 3909
262.40000000000003 3598
262.5 3427
262.6 3959
262.8 3634
262.8 3916
262.8 3965
263.0 3411
263.0 3903
263.1 3917
263.5 3637
263.5 3757
263.5 3818
263.8 3606
264.2 3839
264.40000000000003 3463
264.40000000000003 3484
264.5 3562
264.6 3913
264.6 3950
264.90000000000003 3441
265.2 3890
265.3 3733
265.6 3870
265.7 3972
265.8 3658
265.90000000000003 3537
265.90000000000003 3794
265.90000000000003 3898
266.0 3401
266.1 3832
266.2 3668
266.2 3848
266.6 3654
266.6 3717
266.90000000000003 3786
267.0 3600
267.1 3597
267.1 3774
267.2 3635
267.40000000000003 3851
267.6 3486
267.7 3763
267.8 3666
267.90000000000003 3893
268.0 3694
268.0 3816
268.7 3511
268.7 3580
268.7 3655
268.8 3659
268.90000000000003 3857
270.40000000000003 3464
270.40000000000003 3540
270.5 3765
270.6 3581
270.6 3946
271.0 3830
271.0 3849
271.1 3517
271.1 3957
271.29999999999995 3867
271.5 3712
271.79999999999995 3448
271.79999999999995 3741
272.0 3687
272.0 3885
272.0 3924
272.2 3690
272.2 3802
272.29999999999995 3739
272.40000000000003 3423
272.5 3630
272.7 3753
273.0 3976
273.1 3915
273.2 3638
273.7 3735
273.7 3806
273.79999999999995 3744
273.90000000000003 3429
273.90000000000003 3971
274.2 3711
274.2 3918
274.29999999999995 3430
274.7 3621
275.2 3947
275.5 3768
275.6 3514
276.0 3862
276.2 3748
276.6 3732
276.7 3936
276.8 3499
276.90000000000003 3935
277.1 3575
277.40000000000003 3716
277.40000000000003 3847
277.5 3406
277.5 3823
277.7 3894
278.2 3505
278.5 3715
278.7 3492
278.7 3578
278.7 3877
279.0 3439
279.1 3461
279.2 3478
279.2 3669
279.2 3760
279.3 3538
279.3 3955
279.5 3648
279.90000000000003 3488
280.0 3587
280.0 3601
280.40000000000003 3834
280.7 3447
280.8 3846
280.90000000000003 3610
281.0 3798
281.1 3907
281.3 3558
281.3 3831
281.40000000000003 3844
281.6 3943
281.8 3490
282.2 3683
282.2 3882
282.3 3506
282.3 3524
282.40000000000003 3433
282.40000000000003 3477
282.40000000000003 3933
282.6 3502
282.90000000000003 3979
283.0 3709
283.3 3618
283.5 3961
283.8 3853
283.90000000000003 3674
284.0 3988
284.1 3584
284.1 3981
284.2 3545
284.5 3897
284.7 3910
284.8 3500
285.0 3542
285.0 3564
285.1 3468
285.3 3772
285.6 3901
285.7 3793
286.0 3874
286.1 3547
286.1 3826
286.6 3759
286.7 3419
286.8 3825
286.8 3998
287.0 3567
287.2 3726
287.3 3749
287.3 3843
287.6 3701
287.7 3627
287.7 3932
287.8 3719
288.0 3456
288.0 3994
288.2 3698
288.3 3676
288.4 3685
288.4 3702
288.9 3622
288.9 3911
289.00000000000006 3479
289.3 3664
289.50000000000006 3692
289.50000000000006 3999
289.6 3613
289.7 3636
289.8 3858
290.1 3563
290.1 3876
290.2 3491
290.2 3602
290.2 3902
290.3 3808
290.4 3496
290.7 3539
290.7 3677
290.8 3440
291.00000000000006 3828
291.2 3623
291.7 3625
291.8 3928
291.9 3755
292.9 3650
293.00000000000006 3450
293.1 3675
293.6 3503
293.6 3978
294.00000000000006 3842
294.1 3845
294.3 3572
294.3 3596
294.3 3953
294.8 3817
294.8 3850
294.8 3952
295.1 3791
295.1 3838
295.3 3459
295.4 3504
295.6 3519
295.6 3971
295.7 3467
296.1 3680
296.3 3653
296.9 3929
297.00000000000006 3784
297.00000000000006 3804
297.00000000000006 3957
297.1 3548
297.1 3670
297.3 3442
297.5 3487
297.5 3628
298.0 3917
298.1 3434
298.1 3458
298.2 3518
298.2 3586
298.3 3810
298.6 3637
298.7 3549
298.7 3614
298.8 3700
299.1 3616
299.2 3731
299.6 3855
299.7 3401
299.7 3663
299.9 3667
300.0 3526
300.0 3777
300.1 3583
300.3 3472
300.6 3507
300.6 3860
300.8 3666
300.9 3592
300.9 3681
301.4 3863
301.6 3822
301.70000000000005 3574
301.8 3509
302.1 3693
302.5 3728
302.6 3873
302.8 3471
302.8 3550
302.8 3576
302.8 3840
303.0 3908
303.1 3651
303.20000000000005 3617
303.3 3940
303.5 3984
303.8 3535
303.8 3781
304.20000000000005 3425
304.70000000000005 3951
304.8 3871
305.0 3403
305.20000000000005 3797
305.20000000000005 3899
305.20000000000005 3986
305.3 3591
305.3 3912
305.4 3956
305.5 3609
305.70000000000005 3790
305.9 3687
306.20000000000005 3905
306.20000000000005 3916
306.4 3606
306.5 3977
306.6 3962
306.70000000000005 3568
306.8 3736
306.8 3852
307.1 3647
307.3 3733
307.6 3642
307.6 3839
307.6 3919
307.70000000000005 3997
307.9 3708
308.1 3462
308.3 3785
308.8 3892
308.9 3420
309.3 3995
309.4 3963
309.5 3866
309.5 3975
309.6 3626
309.8 3521
309.9 3566
310.0 3495
310.0 3854
310.1 3774
310.4 3619
310.4 3783
310.5 3528
310.9 3722
310.9 3996
311.20000000000005 3779
311.3 3405
311.5 3750
311.5 3753
311.8 3413
311.9 3738
312.0 3691
312.5 3494
312.5 3643
312.70000000000005 3541
312.8 3652
312.8 3819
313.20000000000005 3898
313.3 3554
313.3 3882
313.8 3849
314.0 3906
314.09999999999997 3669
314.40000000000003 3575
314.90000000000003 3896
315.09999999999997 3544
315.40000000000003 3865
315.5 3441
315.5 3466
315.59999999999997 3555
315.70000000000005 3982
315.8 3620
315.8 3699
315.90000000000003 3531
316.09999999999997 3493
316.09999999999997 3789
316.09999999999997 3979
316.09999999999997 3991
316.3 3927
316.90000000000003 3864
317.09999999999997 3992
317.3 3847
317.40000000000003 3483
317.5 3523
317.70000000000005 3496
317.90000000000003 3611
317.90000000000003 3745
318.0 3582
318.0 3990
318.40000000000003 3795
318.59999999999997 3769
318.90000000000003 3859
319.09999999999997 3765
319.3 3421
319.3 3629
319.3 3705
319.3 3742
319.40000000000003 3402
319.70000000000005 3537
319.70000000000005 3932
319.8 3449
319.8 3704
319.90000000000003 3678
320.0 3938
320.09999999999997 3656
320.5 3631
320.5 3870
320.8 3949
321.0 3936
321.09999999999997 3517
321.09999999999997 3939
321.20000000000005 3454
321.5 3469
321.59999999999997 3933
321.59999999999997 3988
321.8 3793
322.0 3415
322.3 3649
322.40000000000003 3881
322.5 3482
322.5 3511
322.5 3564
322.5 3579
322.59999999999997 3502
322.70000000000005 3448
323.0 3880
323.09999999999997 3950
323.3 3723
323.3 3960
323.40000000000003 3972
323.59999999999997 3551
323.8 3941
324.40000000000003 3888
324.5 3752
324.59999999999997 3578
324.90000000000003 3406
324.90000000000003 3707
324.90000000000003 3925
325.0 3900
325.2 3980
325.40000000000003 3412
325.5 3894
325.8 3937
325.90000000000003 3952
326.0 3732
326.09999999999997 3841
326.2 3499
326.2 3695
326.2 3714
326.2 3856
326.6 3778
326.6 3848
326.6 3978
326.7 3604
326.7 3762
327.2 3698
327.40000000000003 3672
327.6 3878
327.8 3400
328.1 3842
328.2 3428
328.40000000000003 3654
328.5 3757
329.0 3659
329.3 3410
329.40000000000003 3846
329.6 3565
329.8 3867
330.2 3485
330.6 3787
330.6 3857
330.6 3999
330.7 3475
331.2 3798
331.40000000000003 3518
331.8 3408
331.8 3680
332.0 3815
332.1 3477
332.2 3968
332.40000000000003 3481
332.5 3580
332.5 3589
332.5 3597
332.6 3603
332.90000000000003 3515
333.0 3571
333.0 3648
333.0 3667
333.1 3922
333.3 3909
333.40000000000003 3612
333.40000000000003 3901
333.5 3458
333.5 3623
333.5 3833
333.8 3711
333.8 3821
333.90000000000003 3658
334.1 3419
334.1 3497
334.1 3794
334.2 3796
334.40000000000003 3467
334.5 3538
334.5 3717
334.7 3543
334.90000000000003 3642
335.40000000000003 3851
335.5 3820
335.7 3948
335.8 3503
335.90000000000003 3681
336.0 3804
336.1 3747
336.3 3877
336.40000000000003 3868
336.90000000000003 3524
337.0 3559
337.1 3716
337.29999999999995 3479
337.90000000000003 3486
337.90000000000003 3595
338.1 3459
338.2 3719
338.40000000000003 3984
338.5 3763
338.8 3464
338.8 3808
339.1 3838
339.40000000000003 3432
339.5 3797
339.5 3872
340.0 3585
340.1 3548
340.2 3484
340.6 3622
340.7 3843
341.6 3697
341.8 3581
341.8 3915
341.8 3916
341.90000000000003 3907
342.3 3693
342.40000000000003 3986
343.0 3653
343.1 3686
343.3 3801
343.40000000000003 3450
343.5 3772
343.6 3957
343.90000000000003 3561
344.1 3773
344.2 3423
344.3 3471
344.3 3552
344.5 3832
344.90000000000003 3530
344.90000000000003 3903
345.0 3608
345.1 3616
345.3 3921
345.5 3682
345.7 3534
346.0 3632
346.0 3718
346.0 3930
346.2 3908
346.3 3474
346.3 3736
346.3 3776
346.90000000000003 3831
347.2 3425
347.5 3429
347.6 3727
347.7 3617
347.90000000000003 3830
348.0 3826
348.1 3641
348.1 3657
348.40000000000003 3442
348.6 3529
348.6 3591
348.6 3700
348.6 3746
348.90000000000003 3435
348.90000000000003 3514
349.0 3811
349.1 3892
349.2 3522
349.2 3812
349.2 3927
349.3 3687
349.40000000000003 3946
349.7 3825
349.8 3618
350.0 3574
350.2 3629
350.4 3731
350.6 3635
350.7 3625
350.7 3876
351.1 3780
351.3 3705
351.6 3890
351.7 3806
352.0 3748
352.1 3478
352.1 3577
352.2 3646
352.5 3760
352.5 3969
352.8 3496
353.1 3566
353.2 3487
353.3 3610
353.6 3912
353.8 3799
353.9 3704
354.00000000000006 3445
354.00000000000006 3749
354.1 3563
354.3 3532
354.50000000000006 3510
354.50000000000006 3852
354.50000000000006 3953
354.8 3900
355.2 3666
355.2 3936
355.3 3473
355.3 3489
355.3 3594
355.4 3568
355.4 3896
355.50000000000006 3430
355.50000000000006 3476
355.50000000000006 3558
356.00000000000006 3456
356.00000000000006 3665
356.1 3778
356.3 3619
356.4 3509
356.50000000000006 3411
356.50000000000006 3465
356.50000000000006 3512
356.6 3947
356.9 3601
357.2 3444
357.3 3889
357.4 3775
357.50000000000006 3791
357.7 3613
357.8 3605
357.9 3919
358.3 3451
358.7 3460
358.8 3817
358.8 3850
359.00000000000006 3805
359.1 3985
359.6 3402
359.6 3983
359.7 3480
359.7 3862
359.8 3517
359.8 3918
360.1 3668
360.2 3570
360.3 3754
360.4 3505
360.4 3885
360.8 3949
360.8 3992
361.00000000000006 3446
361.00000000000006 3887
361.2 3499
361.4 3688
361.4 3974
361.4 3976
361.50000000000006 3655
361.6 3857
361.6 3917
361.8 3790
361.8 3972
362.1 3786
362.2 3463
362.50000000000006 3483
362.6 3599
362.7 3751
362.9 3931
363.1 3492
363.2 3556
363.3 3822
363.6 3400
363.8 3565
364.4 3963
364.7 3649
364.8 3744
364.9 3866
365.0 3703
365.0 3793
365.2 3854
365.4 3543
365.6 3420
365.6 3771
365.9 3859
365.9 3987
366.0 3768
366.0 3945
366.1 3562
366.20000000000005 3774
366.3 3401
366.6 3593
366.70000000000005 3839
366.70000000000005 3884
367.0 3781
367.1 3698
367.20000000000005 3449
367.3 3415
367.5 3708
367.8 3554
368.20000000000005 3765
368.4 3709
368.6 3694
368.6 3717
369.0 3898
369.1 3503
369.20000000000005 3653
369.5 3977
369.6 3819
369.8 3606
369.9 3587
370.0 3637
370.3 3634
370.4 3792
370.4 3975
370.6 3642
370.70000000000005 3603
370.70000000000005 3902
370.9 3540
370.9 3874
371.20000000000005 3536
371.3 3539
371.5 3660
371.6 3713
371.70000000000005 3628
371.9 3564
371.9 3659
372.20000000000005 3962
372.5 3511
372.8 3452
372.8 3891
372.9 3557
373.0 3905
373.1 3519
373.1 3756
373.3 3409
373.5 3546
373.6 3982
373.70000000000005 3455
374.0 3913
374.1 3816
374.5 3572
374.5 3671
374.5 3788
375.1 3650
375.3 3871
375.8 3833
376.20000000000005 3533
376.20000000000005 3684
376.3 3615
376.5 3414
377.0 3623
377.0 3933
377.09999999999997 3407
377.20000000000005 3740
377.4 3424
377.4 3846
377.5 3923
377.59999999999997 3496
377.59999999999997 3646
377.8 3894
378.0 3442
378.20000000000005 3488
378.59999999999997 3459
378.70000000000005 3663
378.70000000000005 3882
378.8 3999
379.09999999999997 3915
379.20000000000005 3957
379.59999999999997 3491
379.59999999999997 3685
379.70000000000005 3829
379.8 3550
379.90000000000003 3453
380.20000000000005 3838
380.5 3530
380.59999999999997 3493
380.70000000000005 3417
380.90000000000003 3990
381.0 3741
381.20000000000005 3474
381.3 3755
381.3 3978
381.5 3927
381.70000000000005 3856
381.90000000000003 3513
382.20000000000005 3824
382.3 3466
382.40000000000003 3602
382.5 3568
382.5 3906
383.40000000000003 3444
383.5 3447
383.5 3465
383.5 3844
383.59999999999997 3706
383.59999999999997 3773
383.70000000000005 3901
384.20000000000005 3434
384.20000000000005 3693
384.20000000000005 3869
384.40000000000003 3598
384.59999999999997 3439
384.70000000000005 3625
384.70000000000005 3932
384.8 3560
385.0 3574
385.0 3592
385.0 3825
385.0 3897
385.09999999999997 3725
385.20000000000005 3609
385.20000000000005 3842
385.40000000000003 3485
385.59999999999997 3596
385.59999999999997 3840
385.59999999999997 3996
385.70000000000005 3733
385.70000000000005 3776
385.90000000000003 3864
386.09999999999997 3726
386.09999999999997 3890
386.20000000000005 3647
386.20000000000005 3795
386.3 3767
386.3 3941
386.3 3969
386.70000000000005 3462
386.8 3471
386.8 3643
387.0 3721
387.09999999999997 3418
387.20000000000005 3500
387.20000000000005 3544
387.90000000000003 3867
388.09999999999997 3526
388.09999999999997 3661
388.20000000000005 3966
388.40000000000003 3477
388.70000000000005 3597
388.90000000000003 3664
389.3 3494
389.59999999999997 3431
389.59999999999997 3438
389.59999999999997 3954
389.90000000000003 3489
389.90000000000003 3766
390.2 3443
390.2 3782
390.6 3858
390.8 3912
390.90000000000003 3900
391.1 3919
391.6 3561
391.6 3876
391.7 3559
391.8 3648
392.6 3968
392.90000000000003 3793
393.1 3695
393.3 3458
393.6 3845
393.8 3575
394.2 3750
394.5 3518
394.6 3958
394.7 3578
394.7 3752
394.90000000000003 3861
395.0 3432
395.0 3588
395.1 3964
395.5 3553
395.6 3630
395.6 3775
395.7 3848
395.8 3669
395.90000000000003 3464
395.90000000000003 3654
396.40000000000003 3898
396.5 3632
397.2 3577
397.2 3862
397.40000000000003 3716
397.40000000000003 3784
397.40000000000003 3931
397.5 3582
397.7 3428
397.90000000000003 3720
398.0 3893
398.3 3658
398.3 3680
398.40000000000003 3662
398.5 3543
398.6 3841
398.8 3702
398.8 3942
399.1 3618
399.1 3928
399.2 3672
399.8 3839
399.90000000000003 3631
399.90000000000003 3895
400.2 3971
400.40000000000003 3490
400.7 3738
400.7 3955
401.1 3935
401.2 3888
401.2 3948
401.5 3763
401.6 3787
401.6 3973
401.7 3420
402.1 3778
402.6 3953
402.90000000000003 3433
402.90000000000003 3612
403.0 3563
403.3 3937
403.3 3959
403.7 3472
403.7 3714
404.1 3506
404.1 3696
404.5 3806
404.8 3501
404.90000000000003 3843
405.0 3457
405.1 3626
405.40000000000003 3549
405.6 3548
405.7 3744
405.90000000000003 3470
405.90000000000003 3857
406.1 3504
406.6 3673
406.6 3747
406.6 3770
406.8 3514
406.8 3756
407.0 3423
407.0 3556
407.2 3965
407.3 3580
407.3 3809
407.40000000000003 3634
407.6 3635
407.6 3979
407.7 3905
407.7 3914
407.8 3527
407.8 3728
407.8 3943
408.0 3487
408.1 3820
408.2 3808
408.6 3743
408.8 3920
409.8 3463
409.90000000000003 3499
409.90000000000003 3745
410.0 3478
410.0 3698
410.1 3452
410.6 3456
410.6 3690
411.2 3930
411.6 3655
411.6 3993
411.7 3760
411.8 3515
412.0 3576
412.1 3517
412.1 3786
412.2 3493
412.2 3984
412.3 3419
412.3 3710
412.40000000000003 3429
412.40000000000003 3439
412.6 3679
412.90000000000003 3446
412.90000000000003 3974
413.0 3913
413.7 3706
413.90000000000003 3838
414.0 3837
414.2 3668
414.2 3676
414.2 3749
414.7 3694
414.7 3742
414.7 3823
414.90000000000003 3505
415.3 3709
415.3 3807
415.40000000000003 3590
415.5 3889
415.6 3651
415.8 3700
415.8 3717
415.90000000000003 3790
416.4 3916
416.6 3735
416.6 3947
416.8 3422
417.2 3413
417.2 3741
417.2 3892
417.3 3458
417.3 3681
417.4 3689
417.50000000000006 3595
417.50000000000006 3601
417.6 3646
417.6 3907
417.7 3791
417.9 3617
418.3 3539
418.3 3798
418.4 3987
418.50000000000006 3411
418.50000000000006 3882
418.50000000000006 3922
418.7 3990
418.8 3967
418.9 3731
418.9 3825
419.1 3408
419.1 3537
419.1 3660
419.2 3475
419.2 3610
419.4 3649
419.4 3870
419.50000000000006 3894
419.8 3465
419.9 3477
420.1 3936
420.2 3733
421.00000000000006 3863
421.1 3940
421.4 3591
421.4 3665
422.00000000000006 3406
422.3 3572
422.6 3761
422.7 3544
422.9 3498
423.1 3643
423.3 3751
423.4 3925
423.50000000000006 3417
423.6 3597
423.8 3826
423.9 3496
424.2 3545
424.50000000000006 3926
424.6 3459
424.6 3652
424.6 3707
424.8 3723
424.9 3836
425.1 3949
425.2 3491
425.2 3682
425.2 3685
425.4 3957
425.6 3788
425.6 3899
426.00000000000006 3437
426.00000000000006 3616
426.1 3771
426.2 3853
426.3 3752
426.4 3803
426.50000000000006 3631
426.7 3908
427.00000000000006 3737
427.4 3939
428.00000000000006 3779
428.00000000000006 3996
428.2 3507
428.4 3642
428.6 3571
428.7 3654
428.9 3674
428.9 3917
429.1 3403
429.1 3874
429.4 3552
429.5 3416
429.5 3961
429.6 3976
429.8 3813
429.9 3412
429.9 3540
430.0 3831
430.3 3973
430.4 3579
430.4 3659
430.5 3573
430.5 3644
430.5 3754
430.6 3402
431.0 3699
431.1 3740
431.20000000000005 3438
431.3 3869
431.4 3774
431.70000000000005 3407
431.9 3528
431.9 3811
431.9 3890
432.1 3849
432.1 3991
432.70000000000005 3797
432.8 3605
432.8 3994
433.70000000000005 3521
433.8 3667
434.1 3466
434.20000000000005 3975
434.4 3830
434.4 3852
434.9 3842
435.1 3832
435.3 3956
435.4 3611
435.6 3625
435.8 3872
436.0 3453
436.0 3678
436.1 3637
436.4 3775
436.4 3822
436.9 3722
437.20000000000005 3542
437.3 3647
437.4 3997
437.5 3529
437.5 3912
437.8 3587
438.0 3619
438.0 3778
438.1 3867
438.5 3481
438.5 3582
438.8 3914
439.1 3492
439.20000000000005 3963
439.4 3765
440.0 3536
440.20000000000005 3523
440.20000000000005 3953
440.3 3734
440.6 3473
440.6 3952
440.70000000000005 3724
441.0 3420
441.0 3449
441.1 3784
441.1 3980
441.20000000000005 3896
441.4 3512
441.70000000000005 3621
441.70000000000005 3714
441.70000000000005 3828
441.8 3477
441.90000000000003 3703
441.90000000000003 3962
442.0 3568
442.0 3671
442.1 3880
442.20000000000005 3758
442.3 3731
442.3 3999
442.40000000000003 3708
442.6 3480
442.6 3574
442.70000000000005 3876
442.70000000000005 3981
442.8 3900
442.8 3906
442.8 3951
442.90000000000003 3983
443.09999999999997 3669
443.20000000000005 3704
443.40000000000003 3500
443.70000000000005 3785
444.20000000000005 3854
444.59999999999997 3474
445.0 3725
445.09999999999997 3567
445.5 3686
446.20000000000005 3886
446.40000000000003 3525
446.40000000000003 3950
446.90000000000003 3948
447.09999999999997 3598
447.09999999999997 3712
447.09999999999997 3845
447.20000000000005 3871
447.40000000000003 3471
447.40000000000003 3795
447.40000000000003 3915
447.5 3794
447.59999999999997 3441
447.70000000000005 3944
447.8 3742
447.90000000000003 3756
448.09999999999997 3472
448.3 3562
448.40000000000003 3422
448.40000000000003 3812
448.59999999999997 3873
448.70000000000005 3593
448.70000000000005 3903
448.8 3427
449.0 3721
449.20000000000005 3675
449.20000000000005 3857
449.70000000000005 3488
449.8 3858
449.90000000000003 3549
449.90000000000003 3580
450.59999999999997 3632
450.70000000000005 3815
450.70000000000005 3901
451.20000000000005 3541
451.3 3588
451.3 3626
451.70000000000005 3590
451.8 3878
451.8 3888
451.8 3929
452.0 3485
452.59999999999997 3693
452.8 3711
453.09999999999997 3571
453.20000000000005 3457
453.20000000000005 3776
453.3 3713
453.3 3964
453.5 3935
453.59999999999997 3479
453.59999999999997 3537
453.8 3735
453.90000000000003 3780
454.09999999999997 3918
454.20000000000005 3692
454.20000000000005 3942
454.3 3750
454.3 3770
454.3 3909
454.5 3907
454.6 3866
455.0 3615
455.1 3546
455.20000000000005 3445
455.3 3641
455.3 3979
455.40000000000003 3702
455.5 3705
455.6 3451
455.8 3553
455.8 3609
456.0 3465
456.0 3744
456.3 3938
456.40000000000003 3606
456.5 3489
456.8 3993
456.90000000000003 3570
457.0 3424
457.1 3456
457.1 3945
457.2 3977
457.6 3855
457.6 3934
458.0 3988
458.40000000000003 3680
458.6 3539
458.8 3633
458.90000000000003 3581
459.1 3877
459.2 3984
459.3 3818
459.8 3597
459.8 3927
459.90000000000003 3804
460.0 3600
460.1 3913
460.2 3470
460.2 3865
460.3 3438
460.5 3548
460.6 3436
461.0 3591
461.2 3726
461.40000000000003 3565
461.40000000000003 3774
461.40000000000003 3966
461.5 3891
461.6 3408
461.6 3943
461.7 3788
461.90000000000003 3700
461.90000000000003 3846
462.2 3676
462.7 3946
463.90000000000003 3875
464.0 3850
464.2 3902
464.3 3679
464.6 3461
464.90000000000003 3859
465.1 3556
465.3 3423
465.5 3853
465.5 3910
465.6 3493
465.6 3813
465.8 3895
465.90000000000003 3622
466.1 3412
466.5 3638
466.5 3687
466.5 3928
466.5 3932
466.5 3969
466.8 3941
467.0 3793
467.8 3516
467.90000000000003 3477
467.90000000000003 3535
468.1 3538
468.2 3505
468.2 3749
468.40000000000003 3688
468.6 3904
468.80000000000007 3522
469.0 3585
469.0 3783
469.2 3547
469.3 3923
469.5 3802
469.6 3684
469.7 3645
469.8 3523
469.8 3722
469.90000000000003 3440
469.90000000000003 3955
470.0 3635
470.0 3654
470.1 3733
470.2 3968
470.3 3629
470.3 3838
470.5 3404
470.5 3613
470.6 3607
470.6 3636
470.90000000000003 3698
471.0 3463
471.1 3851
471.2 3497
471.3 3430
471.8 3563
471.90000000000003 3558
472.0 3439
472.2 3746
472.5 3649
472.6 3564
472.8 3685
473.1 3856
473.3 3681
473.40000000000003 3893
473.7 3819
473.8 3426
473.8 3694
474.3 3512
474.40000000000003 3967
474.5 3831
474.5 3863
474.7 3605
474.90000000000003 3696
475.1 3719
475.40000000000003 3407
475.5 3432
475.5 3670
475.5 3962
476.1 3510
476.1 3555
476.1 3885
476.40000000000003 3970
476.6 3796
476.7 3403
476.90000000000003 3930
477.0 3612
477.2 3825
478.2 3518
478.2 3807
478.3 3798
478.5 3837
478.7 3872
478.90000000000003 3536
479.1 3452
479.1 3727
479.1 3958
479.2 3554
479.3 3701
479.7 3738
479.8 3453
479.90000000000003 3617
480.0 3989
480.1 3639
480.1 3677
480.6 3504
481.00000000000006 3647
481.00000000000006 3892
481.2 3981
481.3 3489
481.3 3769
481.3 3779
481.6 3449
481.6 3501
481.8 3572
481.8 3648
481.8 3896
481.90000000000003 3650
482.00000000000006 3773
482.2 3658
482.2 3868
482.2 3963
482.3 3823
482.3 3999
482.50000000000006 3758
482.6 3446
483.6 3586
483.6 3656
483.8 3416
483.8 3980
483.9 3409
484.00000000000006 3456
484.00000000000006 3545
484.1 3406
485.2 3801
485.4 3599
485.4 3881
485.6 3975
485.7 3468
485.7 3860
485.9 3809
486.00000000000006 3697
486.1 3874
486.1 3956
486.2 3610
486.2 3820
486.3 3614
486.4 3753
486.4 3755
486.50000000000006 3659
486.50000000000006 3661
486.6 3420
486.7 3623
486.8 3785
486.9 3597
486.9 3780
487.00000000000006 3849
487.3 3669
487.50000000000006 3986
487.6 3498
487.6 3655
487.7 3550
487.7 3934
487.8 3644
487.8 3657
487.9 3929
488.2 3405
488.2 3450
488.4 3953
488.50000000000006 3993
488.7 3730
488.9 3830
489.00000000000006 3598
489.1 3757
489.2 3922
489.8 3873
489.9 3469
490.3 3894
490.6 3836
490.6 3870
490.7 3542
491.2 3418
491.4 3506
491.50000000000006 3482
491.7 3939
491.9 3435
492.00000000000006 3611
492.1 3548
492.1 3695
492.1 3740
492.3 3672
492.3 3787
492.50000000000006 3906
492.6 3715
492.6 3728
492.7 3458
492.7 3513
492.8 3473
494.3 3619
494.4 3421
494.4 3625
494.8 3492
494.8 3502
494.8 3732
495.00000000000006 3433
495.1 3571
495.4 3521
495.4 3580
495.9 3666
495.9 3916
496.6 3829
496.70000000000005 3941
497.0 3637
497.0 3760
497.1 3663
497.1 3828
497.20000000000005 3690
497.3 3726
497.4 3733
497.6 3437
497.70000000000005 3424
497.70000000000005 3630
497.8 3699
498.20000000000005 3923
498.6 3631
498.6 3665
498.70000000000005 3515
498.70000000000005 3883
498.9 3737
498.9 3990
499.0 3448
499.0 3484
499.20000000000005 3931
499.3 3475
499.3 3537
499.6 3775
499.9 3410
500.0 3528
500.0 3585
500.0 3689
500.09999999999997 3616
500.2 3833
500.30000000000007 3530
500.30000000000007 3944
500.40000000000003 3859
500.70000000000005 3654
500.70000000000005 3751
500.9 3706
500.9 3972
501.0 3557
501.40000000000003 3864
501.40000000000003 3918
501.50000000000006 3462
501.70000000000005 3673
502.40000000000003 3875
502.40000000000003 3936
502.6 3479
502.70000000000005 3590
502.70000000000005 3879
502.8 3722
503.0 3717
503.2 3415
503.70000000000005 3413
503.70000000000005 3818
504.29999999999995 3723
504.40000000000003 3754
504.40000000000003 3842
504.9 3725
504.9 3915
505.0 3903
505.09999999999997 3523
505.09999999999997 3905
505.2 3425
505.29999999999995 3668
505.29999999999995 3709
505.29999999999995 3841
505.6 3805
505.70000000000005 3400
505.8 3743
505.90000000000003 3563
506.2 3423
506.2 3909
506.29999999999995 3765
506.40000000000003 3789
506.6 3872
506.70000000000005 3821
506.8 3434
507.0 3457
507.0 3927
507.09999999999997 3432
507.09999999999997 3629
507.09999999999997 3890
507.09999999999997 3964
507.09999999999997 3973
507.4000000000001 3494
507.4000000000001 3714
507.4000000000001 3772
507.70000000000005 3729
507.70000000000005 3919
508.09999999999997 3511
508.2 3529
508.29999999999995 3814
508.8 3945
509.6 3514
509.6 3778
510.0 3547
510.0 3795
510.2 3560
510.4000000000001 3796
510.50000000000006 3882
510.70000000000005 3744
510.8 3517
510.8 3844
510.90000000000003 3575
510.90000000000003 3782
510.90000000000003 3897
511.4000000000001 3848
511.8 3912
512.0 3593
512.0 3901
512.1999999999999 3468
512.1999999999999 3591
512.7 3642
512.9 3788
513.1999999999999 3624
513.1999999999999 3749
513.4000000000001 3981
514.0 3786
514.0 3867
514.1999999999999 3802
514.7 3403
514.7 3852
514.8000000000001 3962
514.8000000000001 3982
514.9 3507
514.9 3899
515.0 3822
515.1 3454
515.1999999999999 3748
515.3 3731
515.4 3885
515.4 3917
515.6 3863
515.7 3417
515.7 3531
515.7 3825
515.8000000000001 3602
515.8000000000001 3942
516.0 3862
516.1999999999999 3747
516.3 3481
516.4 3752
516.4 3808
516.6 3533
516.9 3549
517.0 3794
517.1 3677
517.1 3984
517.1999999999999 3891
517.3 3783
517.4 3488
517.8000000000001 3702
517.8000000000001 3998
518.1 3509
518.1 3756
518.1 3997
518.7 3858
518.8000000000001 3965
518.9 3650
519.0 3649
519.5000000000001 3679
519.5000000000001 3762
519.6 3535
519.9 3614
520.0 3939
520.1 3966
520.3 3728
520.4 3887
520.4 3938
520.9 3764
521.0 3609
521.1999999999999 3628
521.1999999999999 3993
521.3 3719
521.7 3510
521.7 3937
521.8000000000001 3576
521.9 3587
522.3 3819
522.9 3402
523.0 3950
523.3 3690
523.7 3467
523.7 3477
523.8000000000001 3407
523.8000000000001 3824
523.8000000000001 3955
523.9 3678
524.1999999999999 3987
524.4 3506
524.4 3553
524.5000000000001 3647
524.5000000000001 3857
524.7 3759
524.9 3634
525.4 3797
525.5000000000001 3739
525.6 3578
525.6 3956
526.0 3612
526.0 3771
526.2 3489
526.5000000000001 3700
527.3 3483
527.3 3681
527.5000000000001 3948
527.5000000000001 3951
527.6 3913
527.7 3804
527.8000000000001 3845
527.9 3619
527.9 3908
528.2 3538
528.2 3849
528.2 3935
528.3 3854
528.7 3485
528.8000000000001 3475
528.8000000000001 3496
529.0 3954
529.1 3815
529.4 3546
529.4 3631
529.5 3707
529.7 3712
530.1 3605
530.3 3527
530.3 3708
530.8000000000001 3945
531.0 3604
531.1 3930
531.5 3750
531.8000000000001 3621
531.8000000000001 3633
532.6 3589
532.9 3842
533.1 3721
533.8000000000001 3791
534.0 3431
534.2 3596
534.3 3410
534.3 3871
534.4 3916
534.5 3558
534.6 3568
534.7 3648
534.8000000000001 3874
534.9 3806
535.0 3443
535.1 3522
535.2 3733
535.3 3572
535.4 3582
535.5 3846
535.6 3905
536.1 3448
536.1 3691
536.1 3872
536.2 3436
536.2 3573
536.2 3693
536.3 3401
536.3 3449
536.4 3834
536.5 3479
536.5 3755
536.5 3830
536.5 3880
536.6 3787
536.7 3440
536.8000000000001 3996
537.1 3503
537.3 3704
537.3 3734
537.4 3616
537.9 3603
537.9 3766
538.1 3686
538.2 3853
538.2 3934
538.4 3450
538.4 3476
538.6 3550
538.9000000000001 3577
539.2 3542
539.2 3667
540.1 3949
540.4 3855
540.8000000000001 3829
540.9000000000001 3835
541.0 3413
541.1 3698
541.1 3900
541.2 3843
541.2 3904
541.4 3559
541.4 3889
541.4 3906
541.5 3423
541.5 3860
541.7 3865
541.7 3929
541.8000000000001 3761
541.8000000000001 3838
541.9000000000001 3487
542.0 3458
542.1 3579
542.2 3732
542.3 3468
542.3 3595
542.4 3790
542.5 3570
542.5 3624
542.5999999999999 3586
542.5999999999999 3635
543.0 3455
543.2 3674
543.3 3769
543.4 3424
543.5999999999999 3574
543.8000000000001 3672
543.9000000000001 3651
544.0 3714
544.0 3973
544.1 3986
544.2 3784
544.3 3480
544.3 3695
544.5 3528
544.5 3911
544.5 3985
544.5999999999999 3817
544.7 3947
545.0 3555
545.2 3461
545.2 3812
545.3 3971
545.4 3545
545.8000000000001 3465
546.0 3650
546.1 3969
546.2 3484
546.5 3941
546.5999999999999 3456
546.5999999999999 3895
546.8000000000001 3798
546.9000000000001 3742
547.2 3696
547.3 3564
547.4 3661
547.4 3687
547.5 3640
547.5999999999999 3499
547.9000000000001 3931
548.1 3861
548.3 3492
548.3 3689
548.3 3774
548.4 3859
548.5 3665
548.7 3770
549.1 3627
549.2 3805
549.4 3508
549.8000000000001 3426
549.8000000000001 3795
549.9000000000001 3601
549.9000000000001 3848
550.3 3405
550.3 3850
550.4 3518
551.1 3918
551.6 3773
551.7 3794
551.8000000000001 3511
552.0 3473
552.2 3740
552.3 3994
552.6 3826
552.9000000000001 3864
553.1 3745
553.2 3823
553.6 3980
553.8000000000001 3561
554.2 3482
554.2 3606
554.2 3999
554.3 3993
554.9000000000001 3507
555.1 3551
555.1 3924
555.3 3856
555.4 3529
555.5 3623
555.5 3839
555.6 3785
555.9000000000001 3435
556.1 3514
556.2 3726
557.0 3654
557.2 3659
557.3 3671
557.4 3953
557.8000000000001 3645
557.8000000000001 3680
557.8000000000001 3948
557.9000000000001 3914
558.4 3913
558.6 3964
558.8000000000001 3565
558.9000000000001 3718
559.0 3737
559.2 3960
559.3 3527
559.6 3735
559.6 3810
559.8000000000001 3909
560.0 3717
560.2 3751
560.3 3841
560.6999999999999 3469
560.8000000000001 3505
560.9000000000001 3699
561.0 3938
561.1 3462
561.1 3813
561.2 3566
561.4 3682
561.5 3638
561.6999999999999 3520
561.8000000000001 3847
562.4 3935
562.5 3459
562.6 3808
562.6 3974
562.8000000000001 3724
563.0 3780
563.0 3827
563.1 3517
563.1 3563
563.1 3736
563.2 3715
563.3 3437
563.6 3756
563.6999999999999 3668
563.6999999999999 3903
563.8000000000001 3588
564.1 3989
564.2 3609
564.3000000000001 3420
564.5 3636
564.5 3972
564.6 3411
564.6999999999999 3540
564.6999999999999 3992
564.8000000000001 3502
564.9000000000001 3408
565.1 3691
565.2 3767
565.6999999999999 3457
565.8000000000001 3902
566.0 3889
566.2 3402
566.4 3479
566.4 3792
566.4 3822
566.4 3979
566.5 3832
566.6999999999999 3434
566.9000000000001 3768
567.1 3721
567.1 3937
567.4 3915
567.5 3956
567.6 3523
567.6 3944
567.9000000000001 3483
568.2 3583
568.8 3874
568.9000000000001 3432
568.9000000000001 3460
568.9000000000001 3952
569.2 3597
569.4 3629
569.5 3669
569.8 3926
570.1 3512
570.3000000000001 3747
570.4 3641
570.6999999999999 3451
571.0 3611
571.2 3525
571.4 3625
571.6 3504
571.8 3543
572.3000000000001 3697
572.5 3731
572.6999999999999 3418
572.6999999999999 3510
572.6999999999999 3881
572.6999999999999 3975
572.9000000000001 3488
572.9000000000001 3958
573.2 3475
573.2 3612
573.4 3725
573.4 3871
573.5 3416
573.6 3455
573.6 3899
573.8 3493
573.8 3728
573.9000000000001 3403
573.9000000000001 3533
574.2 3628
574.2 3754
574.4 3550
574.5 3676
574.5 3876
574.8 3966
574.9000000000001 3986
574.9000000000001 3990
575.0 3887
575.1 3552
575.3000000000001 3541
575.3000000000001 3548
575.5 3800
575.6 3765
575.8 3836
575.8 3912
576.0 3400
576.6 3526
576.6 3910
576.8 3857
576.8 3877
576.9000000000001 3448
577.0 3853
577.0 3879
577.1 3470
577.9000000000001 3605
578.4 3677
578.6 3438
578.6999999999999 3500
578.8 3703
579.0000000000001 3693
579.3000000000001 3467
579.4 3833
579.5 3579
579.6999999999999 3518
579.6999999999999 3753
579.8 3570
579.9000000000001 3639
580.2 3578
580.5 3804
580.6 3596
580.6999999999999 3689
580.9000000000001 3819
581.1 3961
581.3000000000001 3598
581.4 3748
581.5 3604
581.5 3787
581.6999999999999 3581
581.6999999999999 3635
581.8 3537
581.9 3497
582.1 3666
582.2 3917
582.4 3883
582.4 3898
582.6999999999999 3890
582.9 3858
583.1 3452
583.2 3613
583.4 3549
583.5 3848
583.6 3929
583.6999999999999 3920
584.0000000000001 3630
585.1 3542
585.3000000000001 3426
585.3000000000001 3738
585.4 3781
585.4 3825
585.5 3683
585.6 3663
586.0000000000001 3916
586.1 3739
586.3000000000001 3447
586.4 3842
586.4 3894
586.5 3538
586.6999999999999 3959
586.8 3567
587.0000000000001 3911
587.1 3869
587.3000000000001 3998
587.5 3796
587.5 3950
587.6 3528
587.6999999999999 3569
587.6999999999999 3733
587.8 3856
588.0000000000001 3492
588.0000000000001 3809
588.1 3529
588.1 3763
588.2 3863
588.3000000000001 3617
588.3000000000001 3650
588.5 3516
588.6 3490
588.7 3918
588.8 3790
588.9 3621
589.0000000000001 3684
589.1 3444
589.1 3774
589.1 3798
589.7 3589
589.8 3442
589.8 3690
589.8 3778
589.8 3921
590.5 3456
590.5 3782
590.7 3698
590.9 3446
590.9 3970
591.2 3829
592.2 3946
592.4 3779
592.6 3906
592.7 3421
592.7 3953
592.8 3647
592.8 3718
592.8 3821
593.0000000000001 3963
593.1 3610
593.2 3988
593.3000000000001 3682
594.2 3478
594.3000000000001 3678
594.6 3846
594.8 3640
595.0 3980
595.1 3511
595.3000000000001 3474
595.3000000000001 3715
595.3000000000001 3741
595.5 3721
595.6 3745
595.7 3771
596.0 3866
596.3000000000001 3415
596.3000000000001 3671
596.5 3580
596.6 3454
596.8 3464
597.0 3673
597.1 3849
597.2 3681
597.4 3441
597.5 3465
597.5 3764
597.7 3691
597.7 3831
597.7 3909
597.8 3945
598.0 3972
598.3000000000001 3835
598.4 3413
598.4 3776
598.5 3925
598.6 3614
598.8 3539
598.8 3712
598.9 3839
598.9 3962
599.0 3561
599.3000000000001 3859
599.4 3837
599.7 3750
599.9 3838
600.0 3564
600.3000000000001 3460
600.4 3665
600.9 3485
600.9 3632
601.0 3418
601.1 3473
601.1 3902
601.2 3428
601.4 3847
601.9 3575
602.0 3937
602.1 3769
602.6 3795
602.6 3960
602.7 3487
602.8 3631
602.8 3659
603.1 3716
603.2 3619
603.3000000000001 3727
603.7 3706
603.8 3510
604.1 3789
604.2 3524
604.3000000000001 3674
604.3000000000001 3932
604.5 3424
604.6 3828
604.7 3576
604.7 3629
604.7 3865
605.2 3472
605.3000000000001 3759
605.3000000000001 3826
605.3000000000001 3872
605.5 3740
605.5 3768
605.5 3797
605.6 3449
605.7 3736
606.5 3481
606.5 3585
606.8 3843
607.0 3729
607.2 3742
607.3000000000001 3664
607.3000000000001 3708
607.4000000000001 3772
607.4000000000001 3936
607.7 3597
607.9 3751
608.2 3655
608.3000000000001 3697
608.4000000000001 3766
608.7 3623
608.9 3563
609.3000000000001 3938
610.0 3905
610.2 3646
610.5 3470
610.6 3675
610.6 3891
610.6 3997
610.8 3723
610.8 3749
610.8 3973
611.3000000000001 3694
611.7 3417
611.7 3479
611.8 3964
611.9 3577
611.9 3995
612.0 3615
612.2 3443
612.2 3805
612.3000000000001 3508
612.3000000000001 3926
612.7 3451
613.3000000000001 3737
613.6 3504
613.7 3732
613.7 3957
613.8 3525
614.1 3543
614.4000000000001 3560
614.5 3627
614.9 3482
615.0 3554
615.1 3450
615.2 3989
615.3000000000001 3754
615.3000000000001 3907
615.4000000000001 3578
615.4000000000001 3598
615.4000000000001 3833
615.6 3620
615.8 3840
615.8 3878
616.0 3426
616.0 3638
616.1 3883
616.2 3680
616.4000000000001 3492
616.5 3517
616.5 3730
616.5 3969
616.6 3669
616.9 3403
616.9 3521
617.0 3540
617.2 3941
617.3000000000001 3897
617.5 3693
617.5 3761
617.8 3603
617.8 3930
617.9 3707
618.0 3689
618.1 3486
618.3000000000001 3986
618.5 3475
618.8 3506
618.9 3616
618.9 3788
619.1 3725
619.2 3499
619.9 3888
620.0 3411
620.1 3582
620.5 3793
620.8 3873
621.4000000000001 3608
621.5 3965
621.5 3991
621.6 3903
621.8 3494
621.9 3947
622.0 3654
622.1999999999999 3592
622.3000000000001 3420
622.4000000000001 3855
622.5 3842
623.0 3785
623.1 3848
623.1999999999999 3558
623.1999999999999 3568
623.6 3808
623.8 3942
624.0 3436
624.1 3722
624.1999999999999 3609
624.1999999999999 3639
624.1999999999999 3803
624.3000000000001 3885
624.4000000000001 3671
624.4000000000001 3802
624.5 3489
624.8 3567
625.3000000000001 3931
625.4000000000001 3786
625.8 3610
625.9 3806
626.1 3656
626.3000000000001 3702
626.4000000000001 3523
626.4000000000001 3977
626.8 3496
626.8 3645
626.9 3974
627.1 3658
627.1999999999999 3613
627.1999999999999 3738
627.6 3423
627.7 3662
627.8000000000001 3429
627.8000000000001 3744
627.8000000000001 3820
628.1 3491
628.1 3536
628.4000000000001 3715
628.6 3650
628.6 3816
629.1999999999999 3498
629.1999999999999 3518
629.1999999999999 3600
629.3000000000001 3801
629.6 3752
629.7 3599
629.7 3635
629.8000000000001 3990
629.9 3787
629.9 3940
629.9 3959
630.0 3976
630.1 3474
630.3000000000001 3624
630.4000000000001 3509
630.7 3687
630.9 3541
630.9 3946
631.1 3665
631.3000000000001 3773
631.5 3458
631.5 3696
631.6 3428
631.7 3501
632.1 3877
632.4000000000001 3415
632.4000000000001 3818
632.6 3799
632.9 3910
633.0 3596
633.1 3912
633.1999999999999 3894
633.4000000000001 3717
633.4000000000001 3720
633.4000000000001 3862
633.5 3836
633.9 3870
634.0 3950
634.1999999999999 3493
634.4000000000001 3784
634.5 3686
634.7 3904
634.8000000000001 3867
635.0 3441
635.6 3682
636.0 3719
636.0 3734
636.7 3413
636.8000000000001 3688
637.0 3691
637.1 3601
637.4000000000001 3510
637.6 3442
637.6 3996
637.7 3445
637.9 3565
638.0 3838
638.1999999999999 3945
638.3 3628
638.3 3823
638.3 3948
638.4000000000001 3593
638.8000000000001 3425
639.0 3424
639.1 3432
639.1 3485
639.1999999999999 3564
639.1999999999999 3963
639.6 3556
639.8000000000001 3587
639.8000000000001 3728
639.8000000000001 3830
639.9 3583
639.9 3936
640.0 3529
640.1999999999999 3724
640.4000000000001 3829
640.5 3500
640.5 3896
640.8000000000001 3779
641.3 3470
641.4000000000001 3585
641.6 3906
641.7 3437
641.8000000000001 3825
642.5000000000001 3467
642.5000000000001 3539
642.5000000000001 3819
642.7 3857
642.7 3989
642.9 3451
642.9 3527
642.9 3737
643.1999999999999 3618
643.1999999999999 3953
643.5000000000001 3994
643.8000000000001 3652
643.9 3943
644.0 3726
644.1999999999999 3901
644.8000000000001 3845
645.0 3515
645.1 3699
645.1 3860
645.6 3920
645.9 3538
646.0 3683
646.1999999999999 3507
646.1999999999999 3716
646.5000000000001 3770
646.5000000000001 3971
646.8000000000001 3927
647.1999999999999 3508
647.5000000000001 3528
647.6 3714
647.8000000000001 3567
647.9 3557
647.9 3747
648.0 3861
648.3 3480
648.3 3975
648.5000000000001 3678
648.8000000000001 3951
648.9 3666
648.9 3736
649.0 3629
649.1 3934
649.3 3588
649.4 3876
649.6 3707
650.1999999999999 3554
650.5000000000001 3517
650.5000000000001 3865
650.8000000000001 3611
650.9 3748
651.3 3456
651.4 3800
651.5000000000001 3460
651.7 3695
651.7 3933
651.8000000000001 3637
651.9 3477
652.1 3400
652.1 3684
652.3 3768
652.9 3547
653.1 3980
653.2 3537
653.2 3645
653.4 3982
653.6 3745
653.7 3969
653.7 3973
653.9 3893
654.0 3603
654.1 3401
654.1 3409
654.2 3433
654.3 3621
654.6 3766
654.7 3602
654.7 3633
654.8000000000001 3620
654.9 3839
655.0 3504
655.0 3885
655.0 3947
655.2 3431
655.3 3422
655.4 3465
655.5000000000001 3888
655.5000000000001 3990
655.8000000000001 3712
655.8000000000001 3882
655.9 3658
656.1 3421
656.6 3815
656.8000000000001 3659
657.1 3744
657.2 3887
657.3 3798
657.4 3644
657.5000000000001 3503
657.8000000000001 3793
657.8000000000001 3879
657.8000000000001 3925
658.0 3977
658.4 3775
658.7 3579
658.7 3649
658.9 3623
658.9 3767
659.2 3904
659.4 3739
659.5000000000001 3708
659.7 3742
659.8000000000001 3689
659.8000000000001 3722
659.9 3960
660.4 3898
660.6 3732
660.7 3534
660.8000000000001 3746
660.9 3533
660.9 3918
661.3 3483
661.4 3802
661.5 3614
661.5 3702
661.5 3923
661.7 3675
661.8000000000001 3416
661.8000000000001 3446
661.9 3426
662.1 3758
662.2 3562
662.3 3677
662.3 3930
662.5 3404
662.5 3484
662.5 3524
662.5 3787
662.6 3899
662.8000000000001 3494
663.0 3698
663.1 3595
663.2 3454
663.2 3632
663.4 3499
663.4 3841
663.5 3701
663.5 3940
663.7 3525
663.8000000000001 3762
663.8000000000001 3817
663.8000000000001 3986
664.5 3597
664.5 3796
664.8000000000001 3715
665.1 3488
665.1 3546
665.2 3663
665.3 3410
665.8000000000001 3448
666.4 3760
666.5 3670
667.0 3789
667.3 3582
667.3 3790
667.5 3502
667.7 3827
667.9000000000001 3709
667.9000000000001 3857
668.2 3493
668.3 3981
668.4 3486
668.5 3774
668.7 3949
668.9000000000001 3402
669.5 3958
669.8000000000001 3836
670.2 3832
670.3 3993
670.5 3733
671.0 3895
671.1 3478
671.1 3812
671.2 3821
671.3 3783
671.5 3750
671.6 3903
671.7 3605
671.7 3710
671.9000000000001 3417
672.1 3549
672.2 3462
672.4 3476
672.6 3487
672.6 3568
672.6 3829
672.9000000000001 3863
673.2 3578
673.5 3676
673.7 3692
674.2 3500
674.2 3653
674.3 3631
674.4 3729
674.5 3808
674.5999999999999 3648
674.8000000000001 3867
674.8000000000001 3917
674.9000000000001 3512
675.0 3535
675.1 3481
675.5 3498
675.5 3727
675.5999999999999 3907
675.7 3755
675.9000000000001 3576
676.0 3437
676.0 3509
676.0 3619
676.1 3859
676.5 3902
676.5999999999999 3607
676.7 3599
676.7 3714
676.9000000000001 3415
677.4 3704
677.4 3830
677.6 3577
677.6 3822
677.6 3937
677.8000000000001 3406
678.1 3451
678.6 3522
678.7 3440
678.8000000000001 3455
679.0 3761
679.1 3896
679.4 3540
679.4 3877
679.5 3955
680.4 3515
680.4 3746
680.5 3634
680.8000000000001 3954
680.9000000000001 3461
681.0 3656
681.3 3878
681.5 3706
681.5 3929
681.8000000000001 3559
681.8000000000001 3852
682.0 3563
682.0 3650
682.1 3581
682.3 3429
682.5 3556
682.6 3951
682.7 3569
682.9000000000001 3741
683.3 3447
683.3 3580
683.4 3408
683.7 3616
683.9000000000001 3507
683.9000000000001 3816
684.0 3452
684.4 3988
684.5 3805
684.5 3911
684.6 3953
684.8000000000001 3770
684.8000000000001 3840
685.0 3846
685.2 3612
685.3 3873
685.3 3969
685.4 3544
685.4 3655
685.4 3731
685.5 3453
685.6 3934
685.7 3639
685.7 3843
685.8000000000001 3693
686.2 3703
686.3 3442
686.4 3705
686.7 3464
686.8000000000001 3613
686.9000000000001 3589
687.8000000000001 3497
688.0 3835
688.0 3931
688.4 3810
689.1 3541
689.1 3771
689.1 3814
689.3 3474
689.4 3552
689.5 3839
689.6999999999999 3418
689.6999999999999 3456
689.6999999999999 3825
689.8000000000001 3721
689.8000000000001 3772
689.8000000000001 3989
689.9000000000001 3490
690.0 3737
690.0 3921
690.1 3514
690.3 3798
690.4 3707
690.4 3881
690.5 3981
690.6 3443
690.6999999999999 3882
690.6999999999999 3897
690.8000000000001 3407
690.8000000000001 3458
690.8000000000001 3837
690.9000000000001 3946
691.2 3598
691.2 3926
691.3 3908
691.4 3935
691.5 3979
691.6999999999999 3637
691.6999999999999 3965
691.8000000000001 3628
691.9000000000001 3430
691.9000000000001 3948
692.5 3804
692.9000000000001 3975
693.0 3610
693.0 3980
693.1 3606
693.1 3976
693.5 3591
693.9000000000001 3728
694.1 3519
694.2 3747
694.8000000000001 3438
694.8000000000001 3850
695.0 3681
695.0 3819
695.2 3694
695.8000000000001 3875
695.9000000000001 3479
695.9000000000001 3893
696.1 3890
696.3000000000001 3527
696.3000000000001 3583
696.4 3855
696.8000000000001 3621
696.8000000000001 3865
697.2 3517
697.2 3520
697.4 3777
697.6 3564
697.6 3629
697.6 3820
697.6 3834
697.9000000000001 3972
698.1 3802
698.1 3831
698.3000000000001 3786
698.4 3826
698.6999999999999 3767
698.8000000000001 3664
698.8000000000001 3885
699.1 3420
699.2 3862
699.3000000000001 3990
699.4 3567
699.4 3592
699.4 3756
699.6 3715
699.6999999999999 3457
699.8000000000001 3793
700.1 3403
700.5 3619
700.6 3536
700.6 3987
700.6999999999999 3617
700.6999999999999 3933
701.0 3511
701.1 3795
701.3000000000001 3716
701.3000000000001 3762
701.4 3626
701.8 3421
701.9000000000001 3812
701.9000000000001 3977
702.3000000000001 3508
702.5 3476
702.5 3725
702.6 3803
702.9000000000001 3651
703.0 3636
703.2 3604
703.6 3657
703.6999999999999 3689
703.8 3434
703.8 3524
704.0 3712
704.0 3974
704.4 3506
704.5 3600
704.5 3695
704.6 3491
704.9000000000001 3757
705.0 3684
705.4 3545
705.6999999999999 3501
705.8 3950
705.9000000000001 3425
705.9000000000001 3717
706.0000000000001 3906
706.1 3799
706.2 3749
706.3000000000001 3646
706.3000000000001 3740
706.4 3821
706.6 3579
707.3000000000001 3870
707.4 3823
707.4 3857
707.6 3659
707.8 3608
707.9000000000001 3486
708.0000000000001 3942
708.5 3521
708.6999999999999 3642
708.9000000000001 3582
709.1 3992
709.3000000000001 3540
709.3000000000001 3627
709.6999999999999 3411
709.6999999999999 3499
709.6999999999999 3691
709.9000000000001 3571
710.0000000000001 3894
710.3000000000001 3556
710.5 3641
710.6999999999999 3487
710.8 3489
710.8 3654
711.0000000000001 3649
711.0000000000001 3708
711.0000000000001 3759
711.1 3867
711.2 3538
711.4 3956
711.6999999999999 3985
711.8 3412
711.8 3495
711.8 3739
711.9000000000001 3666
712.0000000000001 3720
712.2 3748
712.2 3991
712.4 3768
712.4 3868
712.4 3929
712.5 3450
712.5 3730
712.6 3753
712.6 3951
712.9000000000001 3505
712.9000000000001 3644
713.5 3625
713.8 3971
714.0000000000001 3751
714.6999999999999 3633
714.6999999999999 3939
715.0000000000001 3737
715.4 3687
715.4 3938
715.5 3531
715.5 3726
715.6 3548
715.6 3913
715.8 3752
716.1 3871
716.7 3764
716.7 3925
716.8 3663
716.8 3836
717.1 3512
717.5 3675
717.6 3698
717.9 3811
718.3000000000001 3674
718.5 3710
718.6 3410
718.6 3915
718.6 3945
718.6 3996
718.8 3559
718.8 3927
718.9 3920
719.0000000000001 3855
719.0000000000001 3886
719.4 3632
719.7 3734
719.7 3964
719.8 3584
719.9 3424
719.9 3445
719.9 3451
719.9 3697
719.9 3896
719.9 3947
720.1 3596
720.3000000000001 3861
720.5 3810
720.5 3895
720.7 3900
721.0000000000001 3577
721.3000000000001 3418
721.7 3614
721.8 3470
722.1 3635
722.2 3903
722.3000000000001 3543
722.3000000000001 3593
722.3000000000001 3620
722.4 3800
722.8 3553
722.9 3776
723.0000000000001 3456
723.3000000000001 3533
723.5 3485
723.6 3916
723.9 3588
723.9 3590
724.0000000000001 3820
724.2 3605
724.2 3671
724.7 3502
724.8 3484
725.0000000000001 3509
725.2 3581
725.4 3969
725.5 3550
725.5 3670
725.8 3537
725.8 3966
725.9 3667
725.9 3669
725.9 3848
726.0000000000001 3560
726.0000000000001 3585
726.1 3984
726.4 3454
726.6 3905
726.9 3519
726.9 3875
727.0 3458
727.1 3444
727.1 3460
727.4 3986
727.5 3783
727.7 3892
727.8 3439
727.8 3728
728.0 3928
728.1 3610
728.2 3899
728.4 3466
728.4 3802
728.9 3678
729.2 3459
730.5 3778
730.6 3476
730.6 3930
730.7 3516
730.7 3851
730.9 3763
730.9 3860
731.0 3963
731.1 3953
731.2 3844
731.3000000000001 3457
731.6 3535
731.6 3690
731.6 3719
731.9 3615
732.3000000000001 3949
732.4000000000001 3825
732.6 3847
732.8 3961
733.0 3782
733.1 3901
733.5 3909
734.2 3562
734.4000000000001 3647
734.5 3781
734.6 3975
734.8 3478
735.0 3570
735.1 3572
735.3000000000001 3790
736.0 3449
736.1 3812
736.3000000000001 3489
736.3000000000001 3788
736.4000000000001 3435
736.5 3650
736.5 3885
736.7 3462
736.9 3549
737.2 3622
737.2 3887
737.3000000000001 3503
737.5 3898
737.6 3402
737.8 3544
737.8 3842
738.2 3826
738.3000000000001 3436
738.3000000000001 3989
738.4000000000001 3803
738.4000000000001 3997
738.5 3636
738.7 3874
738.8 3419
739.1 3617
739.5 3914
739.6 3946
739.7 3538
739.7 3631
739.8 3838
740.3000000000001 3694
740.5 3405
740.7 3819
740.8 3520
740.8 3546
741.0 3557
741.0999999999999 3840
741.0999999999999 3926
741.2 3796
741.3000000000001 3477
741.7 3423
741.7 3542
741.7 3612
741.7 3701
741.9 3591
742.1 3906
742.5 3908
742.8 3589
743.1 3582
743.4000000000001 3619
743.4000000000001 3686
743.5 3468
743.6 3700
744.0 3738
744.1 3889
744.2 3768
744.4000000000001 3907
744.5 3805
744.8 3685
744.8 3731
744.8 3780
744.9 3902
745.0 3568
745.0 3829
745.4000000000001 3832
745.4000000000001 3970
745.6 3709
745.7 3590
746.2 3467
746.2 3496
746.8 3609
747.1 3465
747.1 3952
747.4000000000001 3536
747.5 3980
747.6 3721
747.9 3998
748.0 3450
748.1 3446
748.6 3471
748.7 3400
749.1 3564
749.2 3498
749.2 3729
749.3000000000001 3656
749.5 3900
749.6 3492
749.8 3664
750.0 3773
750.1 3560
750.3000000000001 3616
750.3000000000001 3816
750.3000000000001 3830
750.5 3479
750.5 3793
750.6 3422
750.6 3648
750.8 3579
750.8 3683
750.9 3662
751.0 3499
751.1 3504
751.1 3972
751.2 3861
751.4000000000001 3929
751.6 3760
751.6 3817
751.6 3845
751.7 3943
751.9 3772
751.9 3841
752.0 3532
752.1 3691
752.2 3624
752.2 3977
752.3000000000001 3815
752.7 3526
753.0 3574
753.1 3452
753.1 3548
753.3000000000001 3640
753.7 3453
753.8 3849
754.4000000000001 3789
754.5 3474
754.5 3843
755.5 3495
755.5 3569
755.7 3747
755.8000000000001 3799
755.9 3687
755.9 3787
756.0 3580
756.1 3865
756.1999999999999 3523
756.7 3475
756.8000000000001 3665
756.8000000000001 3924
756.9 3547
756.9 3741
756.9 3992
757.1999999999999 3638
757.1999999999999 3987
757.5 3911
757.6 3606
757.7 3876
757.9 3893
758.0 3730
758.1 3524
758.1999999999999 3941
758.3000000000001 3937
758.6 3708
758.7 3600
758.7 3931
758.9 3420
758.9 3831
758.9 3859
758.9 3999
759.0 3562
759.0 3643
759.5 3428
759.6 3430
759.6 3598
760.1 3502
760.1999999999999 3611
760.1999999999999 3688
760.3000000000001 3513
760.7 3993
760.8000000000001 3563
760.8000000000001 3766
761.4000000000001 3690
761.4000000000001 3723
761.7 3806
761.8000000000001 3655
762.4000000000001 3715
763.1 3554
763.1999999999999 3402
763.1999999999999 3883
763.8000000000001 3501
764.0 3480
764.1 3528
764.1999999999999 3456
764.1999999999999 3860
764.1999999999999 3873
764.4000000000001 3940
764.5 3847
764.7 3850
764.8000000000001 3639
764.8000000000001 3934
764.9 3858
765.0 3443
765.1 3754
765.4000000000001 3945
765.6 3824
765.8000000000001 3431
765.8000000000001 3746
765.8000000000001 3982
765.9 3822
766.0 3623
766.3000000000001 3530
766.3000000000001 3725
766.3000000000001 3748
766.4000000000001 3444
766.5 3626
766.5 3682
766.7 3761
766.7 3813
767.0 3415
767.5 3514
767.7 3938
768.0 3595
768.1 3491
768.1999999999999 3553
768.1999999999999 3620
768.6 3518
768.6 3800
768.9 3613
769.0 3962
769.1999999999999 3735
769.3 3403
769.4000000000001 3517
769.4000000000001 3596
769.4000000000001 3617
769.4000000000001 3797
769.4000000000001 3974
769.5 3774
769.6 3743
769.9 3454
769.9 3853
770.1999999999999 3939
770.3 3410
770.3 3466
770.4000000000001 3437
770.6 3566
770.7 3457
770.8000000000001 3592
770.8000000000001 3628
771.3 3783
771.3 3863
771.9 3610
772.0 3803
772.1999999999999 3856
772.4000000000001 3602
772.4000000000001 3767
772.5000000000001 3418
772.6 3913
772.7 3901
773.0 3494
773.5000000000001 3423
773.5000000000001 3647
774.6 3510
774.7 3727
774.8000000000001 3406
774.9 3836
775.0 3984
775.1999999999999 3733
775.1999999999999 3894
775.4000000000001 3871
775.5000000000001 3750
775.6 3559
775.9 3544
776.1 3540
776.1999999999999 3809
776.5000000000001 3548
776.6 3411
776.6 3539
776.9 3755
776.9 3942
776.9 3997
777.0 3421
777.0 3674
777.0 3757
777.1 3819
777.1999999999999 3477
777.1999999999999 3579
777.1999999999999 3996
777.6 3979
777.7 3693
777.7 3776
777.9 3483
778.1 3714
778.1999999999999 3777
778.1999999999999 3820
778.1999999999999 3900
778.3 3449
778.4000000000001 3568
778.4000000000001 3719
778.6 3927
778.6 3989
778.7 3634
778.7 3818
778.9 3857
779.1999999999999 3582
779.1999999999999 3788
779.9 3557
780.5000000000001 3497
780.7 3702
781.3 3950
781.5000000000001 3593
781.8000000000001 3739
782.1 3879
782.4 3461
782.6 3546
782.6 3880
782.7 3635
782.9 3652
782.9 3906
783.0 3527
783.3 3412
783.4 3515
783.4 3764
783.9 3671
783.9 3845
784.2 3712
784.4 3868
784.4 3889
784.4 3967
784.6 3946
784.9 3910
785.2 3832
785.5000000000001 3549
785.5000000000001 3603
785.8000000000001 3990
785.9 3921
786.2 3462
786.2 3650
786.2 3699
786.3 3758
786.4 3645
786.4 3925
786.5000000000001 3490
786.5000000000001 3516
786.5000000000001 3564
786.8000000000001 3590
786.9 3756
787.1 3772
787.2 3402
787.5000000000001 3917
787.7 3631
788.0 3541
788.2 3409
788.2 3887
788.3 3668
788.4 3955
788.4 3957
788.5000000000001 3724
788.7 3662
789.0 3591
789.2 3759
789.5000000000001 3825
789.7 3651
790.0 3589
790.2 3583
790.4 3810
790.5000000000001 3420
790.6 3952
790.8000000000001 3646
790.9 3558
791.1 3932
791.2 3625
791.6 3436
791.8000000000001 3789
792.0 3465
792.0 3944
792.2 3481
792.2 3812
792.3 3448
792.7 3729
792.8000000000001 3484
792.9 3722
793.0 3419
793.0 3898
793.1 3595
793.2 3814
793.4 3779
793.5 3439
793.5 3573
793.5 3659
793.5 3895
793.6 3798
793.6 3993
793.7 3804
793.8000000000001 3496
793.9 3711
793.9 3919
794.0 3823
794.2 3437
794.2 3476
794.2 3867
794.3 3822
794.3 3988
794.4 3618
794.4 3801
794.5 3672
794.5 3692
794.6 3795
794.7 3963
794.8000000000001 3487
794.8000000000001 3995
794.9000000000001 3687
795.0 3474
795.0 3511
795.0 3781
795.0 3930
795.2 3751
795.4 3763
795.4 3787
795.5 3885
795.5 3928
795.7 3556
796.1 3851
796.2 3519
796.2 3576
796.2 3896
796.5 3901
796.6 3732
796.7 3426
796.8000000000001 3623
797.0 3514
797.1 3599
797.4 3526
797.9000000000001 3600
798.6 3933
799.3 3407
799.5 3653
799.6 3929
799.8000000000001 3512
800.0 3400
800.0 3956
800.1 3636
801.2 3503
801.6 3705
801.7 3660
802.0 3478
802.3 3429
802.3 3649
802.4 3416
802.7 3417
802.8000000000001 3626
802.9000000000001 3533
803.0 3405
803.3 3859
803.6 3761
803.8000000000001 3612
803.8000000000001 3648
803.8000000000001 3728
803.9000000000001 3769
804.0 3543
804.0 3723
804.0 3841
804.2 3453
804.3 3974
804.7 3622
804.7 3644
804.8000000000001 3639
804.8000000000001 3744
804.8000000000001 3753
804.9000000000001 3899
804.9000000000001 3902
805.1 3696
805.2 3757
805.3 3760
805.5 3586
805.6 3475
805.9000000000001 3471
805.9000000000001 3669
806.0 3987
806.1 3499
806.2 3638
806.7 3714
806.7 3720
806.8000000000001 3415
807.0 3561
807.4 3588
807.5 3773
807.6 3428
807.6 3977
807.7 3675
807.8000000000001 3424
807.8000000000001 3807
807.9000000000001 3518
808.5 3803
808.6 3472
808.7 3513
808.9000000000001 3597
809.4 3717
809.6 3926
809.7 3697
809.9000000000001 3641
809.9000000000001 3870
810.3 3455
810.3 3594
810.3 3838
810.6 3946
811.1 3864
811.2 3771
811.3 3545
811.3 3912
811.4 3765
811.6 3491
811.6 3805
811.7 3854
811.8000000000001 3681
811.8000000000001 3840
812.0 3568
812.4 3559
812.8000000000001 3402
812.9000000000001 3488
813.1 3642
813.3 3811
813.4 3815
813.9000000000001 3593
813.9000000000001 3891
814.1 3679
814.4 3637
814.9000000000001 3560
814.9000000000001 3715
815.2 3745
815.4 3866
815.4 3890
815.5 3782
815.6 3935
815.7 3627
815.7 3826
815.8000000000001 3466
816.2 3806
816.3 3922
816.7 3661
816.8000000000001 3515
816.8000000000001 3778
817.0 3492
817.3 3482
817.4 3844
817.4 3967
817.5 3698
817.6 3571
817.8000000000001 3872
818.0 3928
818.3 3955
818.4 3444
818.5 3970
818.8000000000001 3758
818.9000000000001 3446
818.9000000000001 3766
819.0 3971
819.3 3727
819.3 3862
819.6 3467
819.8000000000001 3690
819.8000000000001 3861
819.9000000000001 3695
819.9000000000001 3802
819.9000000000001 3839
820.1 3966
820.2 3431
820.2 3835
820.3000000000001 3433
820.5 3969
820.9000000000001 3719
821.3000000000001 3999
821.6 3808
821.9000000000001 3563
821.9000000000001 3816
821.9000000000001 3959
822.5 3510
822.6999999999999 3985
823.0 3565
823.1 3509
823.5 3604
823.6 3918
823.6 3938
823.8000000000001 3494
823.8000000000001 3762
823.8000000000001 3772
824.1 3462
824.3000000000001 3654
824.4 3497
824.4 3630
824.6 3731
824.6999999999999 3553
824.9000000000001 3635
825.5 3443
825.6 3504
825.6999999999999 3855
825.6999999999999 3992
825.8000000000001 3598
826.0 3865
826.1 3886
826.2 3567
826.4 3500
826.4 3678
826.5 3910
826.6 3667
826.6 3921
826.6999999999999 3693
826.8000000000001 3827
827.2 3996
827.5 3525
827.6 3880
828.0 3680
828.0 3832
828.4 3848
828.6999999999999 3774
828.8000000000001 3787
828.9000000000001 3519
829.3000000000001 3893
829.5 3790
829.6999999999999 3673
829.8000000000001 3764
829.9000000000001 3456
829.9000000000001 3489
829.9000000000001 3610
830.0 3734
830.1 3952
830.2 3664
830.4 3479
830.4 3830
830.6999999999999 3452
830.6999999999999 3631
831.0 3713
831.1 3436
831.4 3549
831.4 3822
831.4 3940
831.6 3463
831.6999999999999 3465
831.8000000000001 3579
831.8000000000001 3584
832.0 3689
832.0 3903
832.1 3821
832.1 3863
832.5 3888
832.6 3580
832.9000000000001 3786
833.1 3457
833.2 3749
833.3000000000001 3459
833.5 3990
833.6 3639
833.6999999999999 3586
833.8 3793
833.9000000000001 3913
834.1 3650
834.2 3979
834.5 3737
834.6999999999999 3665
834.6999999999999 3818
834.8 3583
834.9000000000001 3752
835.0000000000001 3740
835.1 3592
835.1 3684
835.5 3543
835.9000000000001 3943
836.1 3751
836.2 3617
836.2 3847
836.2 3892
836.4 3930
836.8 3495
836.8 3770
836.9000000000001 3666
836.9000000000001 3723
837.0000000000001 3484
837.2 3895
837.4 3528
837.4 3537
837.4 3875
837.5 3548
837.5 3797
837.6 3420
837.6 3856
837.6999999999999 3533
837.6999999999999 3824
838.2 3581
838.2 3954
838.3000000000001 3442
838.6999999999999 3530
838.8 3535
838.9000000000001 3785
839.0000000000001 3857
839.1 3962
839.2 3439
839.5 3810
839.6 3474
839.9000000000001 3788
840.0000000000001 3876
840.3000000000001 3585
840.3000000000001 3662
840.6999999999999 3557
840.6999999999999 3656
840.6999999999999 3920
841.3000000000001 3748
841.4 3868
841.4 3932
841.6 3523
841.6 3527
841.6999999999999 3889
841.8 3539
841.9000000000001 3601
841.9000000000001 3663
841.9000000000001 3879
842.0000000000001 3551
842.1 3653
842.4 3769
842.6999999999999 3518
843.2 3460
843.2 3991
843.3000000000001 3803
843.4 3412
843.5 3768
843.6 3505
843.6999999999999 3708
843.9000000000001 3616
844.5 3869
844.7 3590
844.8 3917
844.9000000000001 3813
845.0000000000001 3968
845.1 3606
845.2 3837
845.4 3658
845.7 3538
845.9 3430
846.1 3423
846.3000000000001 3609
846.3000000000001 3730
846.7 3582
846.8 3618
846.9 3969
847.0000000000001 3719
847.1 3738
848.0000000000001 3725
848.1 3507
848.4 3923
848.6 3503
848.7 3831
848.8 3834
849.1 3641
849.4 3672
849.8 3950
849.9 3432
849.9 3915
849.9 3929
850.1 3458
850.1 3541
850.2 3717
850.3000000000001 3450
850.3000000000001 3478
850.8 3933
851.0000000000001 3891
851.0000000000001 3981
851.2 3508
851.4 3576
851.5 3955
851.8 3628
852.0000000000001 3989
852.2 3471
852.2 3577
852.4 3441
852.5 3623
852.7 3773
852.8 3649
853.0000000000001 3975
853.2 3825
853.2 3859
853.4 3819
853.5 3982
853.8 3454
854.5 3972
854.6 3406
854.6 3525
854.8 3482
855.0000000000001 3477
855.1 3978
855.2 3918
855.5 3691
855.6 3851
855.7 3574
855.7 3867
855.8 3795
855.8 3894
856.0000000000001 3925
856.1 3562
856.2 3829
856.2 3858
856.3000000000001 3620
856.5 3746
856.6 3804
856.7 3608
857.3000000000001 3610
857.3000000000001 3694
857.3000000000001 3898
857.5 3971
857.8 3483
857.9 3709
858.1 3958
858.3000000000001 3685
858.3000000000001 3794
858.5 3700
858.6 3703
858.6 3727
858.9 3729
858.9 3914
859.0 3815
859.1 3696
859.1 3900
859.6 3833
859.7 3487
859.8 3899
859.9 3675
860.0 3682
860.0 3762
860.3000000000001 3721
860.4000000000001 3401
860.4000000000001 3763
861.0 3934
861.2 3706
862.0 3701
862.1 3564
862.4000000000001 3453
862.4000000000001 3789
862.7 3886
862.9 3836
863.0 3970
863.1 3435
863.1 3928
863.2 3566
863.4000000000001 3931
863.8 3938
864.1 3496
864.2 3552
864.2 3560
864.3000000000001 3860
864.7 3494
864.7 3532
864.7 3736
865.0 3781
865.1 3716
865.1 3784
865.2 3466
865.3000000000001 3611
865.3000000000001 3944
865.4000000000001 3490
865.4000000000001 3629
865.7 3511
865.7 3909
866.0 3967
866.3000000000001 3710
866.7 3474
866.9 3602
867.2 3614
867.3000000000001 3895
867.3000000000001 3921
867.4000000000001 3811
867.5 3852
867.7 3841
867.8 3697
868.1 3885
868.3000000000001 3714
868.5 3678
869.1 3440
869.2 3601
869.4000000000001 3742
869.6 3502
869.8 3446
869.8 3530
870.1 3760
870.5 3766
870.6 3557
870.6 3599
870.6 3947
870.7 3456
870.7 3670
870.7 3676
870.7 3957
870.8 3662
870.9 3585
870.9 3960
870.9 3976
871.0 3501
871.1 3911
871.2 3594
871.2 3765
871.2 3778
871.4000000000001 3556
871.4000000000001 3999
871.6 3598
871.7 3418
871.7 3559
871.9 3866
872.2 3699
872.4000000000001 3747
872.4000000000001 3893
872.6 3531
873.0 3832
873.0 3839
873.2 3842
873.4000000000001 3553
873.8 3491
873.9 3465
874.0 3654
874.1 3679
874.6 3758
874.8 3776
875.0 3749
875.3000000000001 3544
875.3000000000001 3624
875.3000000000001 3887
875.4000000000001 3413
875.4000000000001 3954
875.9 3731
875.9 3767
876.1 3579
876.2 3488
876.6 3774
876.9 3424
876.9 3671
876.9 3752
877.1 3590
877.3000000000001 3644
877.3000000000001 3810
877.5 3463
877.8 3475
878.0 3924
878.2 3903
878.4000000000001 3592
878.5 3633
878.5 3658
878.5 3878
878.7 3668
879.2 3537
879.3000000000001 3448
879.3000000000001 3870
879.4000000000001 3626
879.8 3512
880.3000000000001 3650
880.5 3918
880.6 3581
880.6 3669
880.8 3787
881.3000000000001 3469
881.7 3467
881.8 3733
881.9 3482
881.9 3589
882.0 3476
882.0 3565
882.0 3652
882.1 3872
882.2 3824
882.3000000000001 3402
882.3000000000001 3578
882.3000000000001 3901
882.8 3732
882.9 3892
883.0 3414
883.0 3615
883.3000000000001 3820
883.6 3667
883.7 3802
883.8000000000001 3412
883.8000000000001 3856
884.0 3831
884.1 3846
884.2 3497
884.2 3504
884.4000000000001 3619
884.5 3561
884.6 3768
884.6 3838
884.7 3507
885.1 3461
885.1 3705
885.1 3997
885.7 3823
885.9 3534
885.9 3849
886.1 3647
886.1 3725
886.4000000000001 3666
886.4000000000001 3848
886.8000000000001 3539
887.4000000000001 3548
887.7 3455
887.8000000000001 3992
887.9 3718
889.0 3636
889.1999999999999 3716
889.4000000000001 3528
889.4000000000001 3906
889.7 3663
889.8000000000001 3712
889.8000000000001 3808
889.8000000000001 3847
889.8000000000001 3874
889.9 3478
890.0 3796
890.7 3597
891.3000000000001 3438
891.8000000000001 3687
891.9 3577
891.9 3665
892.1999999999999 3783
892.3000000000001 3845
892.4000000000001 3904
892.5 3746
892.6 3815
892.7 3703
892.8000000000001 3933
893.0 3593
893.1 3471
893.1999999999999 3410
893.1999999999999 3625
893.1999999999999 3806
893.3000000000001 3695
893.6 3879
893.7 3576
893.8000000000001 3639
893.9 3498
894.0 3411
894.0 3445
894.0 3596
894.1 3420
894.1 3962
894.3000000000001 3998
894.4000000000001 3472
894.4000000000001 3517
894.5 3963
894.5 3975
894.7 3648
894.8000000000001 3400
894.8000000000001 3791
894.9 3645
895.0 3825
895.0 3920
895.1 3756
895.1999999999999 3932
895.3000000000001 3689
895.4000000000001 3460
895.8000000000001 3470
895.8000000000001 3946
896.1999999999999 3419
896.1999999999999 3719
896.1999999999999 3720
896.5 3880
896.6 3515
896.6 3587
896.6 3900
896.8000000000001 3762
896.9 3805
897.0 3609
897.1 3474
897.1 3637
897.1 3819
897.6 3696
897.7 3785
897.7 3937
897.8000000000001 3955
897.9 3931
898.0 3481
898.1999999999999 3984
898.3000000000001 3417
898.4000000000001 3477
898.8000000000001 3936
898.9 3798
899.0 3435
899.0 3664
899.6 3724
899.6 3828
899.8000000000001 3721
900.1999999999999 3988
900.6 3541
900.7 3655
901.1999999999999 3427
901.6 3929
901.8000000000001 3495
902.1 3717
902.1 3774
902.1999999999999 3614
903.0 3788
903.1 3421
903.1 3912
903.4000000000001 3623
903.5000000000001 3771
903.6 3500
903.7 3406
903.7 3684
903.8000000000001 3606
903.9 3989
904.1 3483
904.1999999999999 3457
904.4000000000001 3938
904.6 3925
904.6 3944
904.7 3555
904.9 3836
905.0 3489
905.0 3763
905.1 3905
905.1999999999999 3508
905.4000000000001 3807
905.5000000000001 3735
905.5000000000001 3995
905.6 3434
905.6 3530
905.6 3999
905.7 3516
905.7 3643
905.7 3797
905.9 3799
906.0 3974
906.6 3518
906.9 3422
906.9 3835
907.5000000000001 3867
907.9 3826
908.0 3437
908.0 3443
908.1 3646
908.1999999999999 3714
908.5000000000001 3786
909.4000000000001 3908
909.6 3511
909.6 3869
909.9 3702
910.0 3734
910.1 3781
910.3 3557
910.4000000000001 3618
910.6 3865
910.6 3985
910.7 3607
910.7 3768
910.7 3801
910.8000000000001 3899
910.9 3683
911.2 3484
911.3 3850
911.3 3958
911.5000000000001 3754
911.6 3964
911.8000000000001 3506
911.9 3450
912.1 3567
912.1 3957
912.2 3430
912.5000000000001 3682
913.2 3491
913.2 3631
913.3 3416
913.6 3840
913.7 3611
913.8000000000001 3642
914.2 3486
914.4 3795
914.5000000000001 3546
914.5000000000001 3857
914.7 3415
915.0 3505
915.1 3585
915.3 3429
915.7 3792
915.8000000000001 3833
916.0 3545
916.0 3622
916.5000000000001 3535
916.6 3563
916.6 3769
916.8000000000001 3571
916.9 3692
917.2 3579
917.3 3959
917.4 3817
917.5000000000001 3997
917.6 3499
917.6 3667
917.6 3966
917.8000000000001 3653
917.9 3514
918.1 3663
918.2 3775
918.5000000000001 3943
918.6 3564
918.6 3770
918.7 3608
918.9 3441
918.9 3592
918.9 3615
918.9 3694
919.0 3722
919.3 3452
919.3 3971
919.4 3476
919.4 3504
919.5000000000001 3580
919.5000000000001 3619
919.6 3708
919.7 3507
919.7 3521
919.8000000000001 3553
919.9 3651
920.2 3621
920.2 3883
920.4 3640
920.6 3528
920.6 3583
920.9 3677
921.4 3404
921.4 3872
921.4 3956
921.6 3679
922.0 3628
922.0 3939
922.1 3471
922.1 3758
922.4 3873
922.7 3773
922.8000000000001 3968
922.9000000000001 3884
922.9000000000001 3970
923.4 3953
923.7 3493
923.7 3612
923.7 3811
923.8000000000001 3922
924.1 3520
924.1 3852
924.2 3650
924.5000000000001 3589
924.5000000000001 3660
924.6 3731
924.8000000000001 3510
924.8000000000001 3665
925.2 3490
925.3 3913
925.6 3972
925.9000000000001 3789
926.0 3676
926.3 3790
926.4 3523
926.7 3544
926.7 3919
926.8000000000001 3809
927.1 3787
927.7 3600
927.8000000000001 3671
927.8000000000001 3845
927.9000000000001 3859
927.9000000000001 3926
928.0 3700
928.0 3701
928.0 3796
928.5 3980
928.6 3855
928.7 3813
928.8000000000001 3804
928.9000000000001 3827
929.0 3654
929.0 3820
929.1 3681
929.1 3793
929.2 3822
929.6 3494
929.6 3548
929.6 3574
929.7 3981
929.8000000000001 3637
929.9000000000001 3554
930.2 3539
930.2 3577
930.5 3556
930.6 3987
930.8000000000001 3599
930.8000000000001 3629
931.2 3624
931.4 3777
931.4 3949
931.5 3448
931.5 3879
931.9000000000001 3512
932.2 3456
932.5 3725
932.9000000000001 3785
933.1 3762
933.2 3444
933.5 3465
933.8000000000001 3616
933.9000000000001 3915
934.5 3584
934.7 3886
934.8000000000001 3818
934.9000000000001 3501
934.9000000000001 3723
935.3 3890
935.7 3918
935.9000000000001 3432
936.0 3426
936.0 3904
936.1 3761
936.2 3948
936.4 3454
936.6000000000001 3421
936.9000000000001 3816
936.9000000000001 3856
937.1 3566
937.1 3991
937.2 3543
937.2 3846
937.3 3751
937.3 3914
937.4 3496
937.5 3623
937.5 3638
937.6000000000001 3431
937.6000000000001 3907
938.0 3402
938.1 3755
938.1 3889
938.2 3527
938.3 3946
938.6 3400
939.0 3551
939.1 3487
939.1 3691
939.1 3709
939.2 3720
939.5 3522
939.5 3627
939.6 3435
939.6 3458
939.6 3658
939.8000000000001 3940
940.1 3763
940.2 3537
940.3 3892
940.6 3488
940.7 3639
940.7 3807
940.8000000000001 3541
940.8000000000001 3917
940.9000000000001 3847
941.1 3517
941.1 3815
941.2 3560
941.3 3406
941.3 3999
941.4 3961
941.5 3901
942.4 3716
942.5 3472
942.5 3732
942.7 3834
942.8000000000001 3923
943.0 3772
943.6 3547
943.6 3877
943.8000000000001 3805
944.1 3699
944.2 3428
944.3 3735
944.7 3610
944.9000000000001 3753
944.9000000000001 3819
945.0 3418
945.2 3634
945.3 3401
945.4 3423
945.4 3955
945.5 3540
945.5 3988
945.6 3843
945.7 3470
945.9000000000001 3951
946.2 3894
946.4 3578
946.4 3621
946.6 3803
946.7 3594
947.0 3417
947.1 3673
947.2 3921
947.5 3562
947.5 3633
947.6 3479
947.6 3642
948.3000000000001 3441
948.3000000000001 3728
948.5 3442
948.6 3630
949.0 3893
949.1 3876
949.2 3696
949.2 3774
949.4 3644
950.0 3727
950.0 3793
950.1 3647
950.1 3912
950.2 3641
950.5 3692
950.6 3453
950.6 3608
950.7 3569
950.9000000000001 3408
950.9000000000001 3559
951.1 3779
951.1 3905
951.3000000000001 3721
951.3000000000001 3950
951.4 3452
951.5 3680
951.6 3434
951.8000000000001 3679
951.9000000000001 3783
952.1 3607
952.1 3841
952.5 3944
952.6 3544
953.0 3476
953.0 3564
953.2 3891
953.4 3767
953.4 3908
953.6 3689
953.6 3801
953.8000000000001 3954
954.0 3424
954.4 3412
954.4 3609
954.4 3649
954.9000000000001 3429
955.3000000000001 3605
955.6999999999999 3746
955.8000000000001 3404
956.2 3545
957.0 3413
957.2 3845
957.6 3565
957.8000000000001 3466
957.8000000000001 3895
958.1 3491
958.1 3586
958.2 3439
958.2 3826
958.2 3885
958.3000000000001 3861
958.4 3979
958.5 3958
958.6999999999999 3445
958.6999999999999 3985
958.8000000000001 3693
958.9000000000001 3775
958.9000000000001 3776
959.0 3419
959.0 3631
959.2 3970
959.6999999999999 3682
960.0 3924
960.1 3490
960.2 3612
960.6999999999999 3532
960.6999999999999 3574
960.8000000000001 3662
960.9000000000001 3657
961.0 3952
961.1 3825
961.4 3635
961.6 3463
961.6 3654
961.6999999999999 3415
961.8000000000001 3687
961.9000000000001 3963
962.0000000000001 3964
962.4 3809
962.5 3622
962.5 3867
962.5 3903
962.6 3589
962.9000000000001 3437
963.1 3794
963.1 3881
963.2 3469
963.2 3850
963.3000000000001 3703
963.6 3582
963.6 3620
963.6999999999999 3659
963.6999999999999 3732
963.8000000000001 3477
963.9000000000001 3788
964.1 3447
964.1 3614
964.1 3975
964.2 3858
964.3000000000001 3866
964.3000000000001 3931
964.6 3947
964.6999999999999 3640
964.6999999999999 3812
964.9000000000001 3557
965.1 3521
965.1 3616
965.3000000000001 3524
965.4 3572
965.5 3454
965.5 3596
965.9000000000001 3857
966.1 3710
966.1 3942
966.2 3760
966.5 3470
966.6 3546
966.6999999999999 3831
967.0000000000001 3403
967.1 3535
967.1 3882
967.5 3588
967.9000000000001 3771
968.4 3427
968.6999999999999 3592
968.8 3961
969.0000000000001 3604
969.0000000000001 3873
969.3000000000001 3718
970.0000000000001 3797
971.1 3880
971.3000000000001 3736
971.3000000000001 3889
971.4 3701
971.4 3934
971.5 3436
971.6 3664
971.6 3834
971.8 3410
971.8 3832
971.9000000000001 3555
971.9000000000001 3806
971.9000000000001 3893
972.3000000000001 3538
972.3000000000001 3671
972.3000000000001 3796
972.5 3690
972.5 3751
972.8 3896
973.0000000000001 3829
973.1 3534
973.1 3734
973.2 3599
973.2 3715
973.3000000000001 3645
973.3000000000001 3726
973.4 3548
973.6 3651
973.7 3504
973.7 3761
973.9000000000001 3497
974.1 3685
974.3000000000001 3462
974.4 3878
974.5 3446
974.5 3549
974.8 3835
975.1 3558
975.4 3619
975.6 3486
975.7 3585
975.7 3733
976.1 3983
976.3000000000001 3777
976.4 3719
977.0000000000001 3828
977.0000000000001 3959
977.1 3485
977.3000000000001 3678
977.4 3731
977.4 3865
977.5 3786
978.4 3482
978.5 3515
978.6 3740
978.7 3937
979.1 3593
979.1 3768
979.1 3814
979.3000000000001 3724
979.3000000000001 3778
979.4 3530
979.4 3763
979.5 3598
979.5 3767
979.6 3483
980.0000000000001 3876
980.1 3625
980.3000000000001 3885
980.8 3646
980.9 3808
980.9 3862
981.0000000000001 3720
981.0000000000001 3967
981.1 3999
981.2 3536
981.3000000000001 3644
981.3000000000001 3874
981.4 3926
981.5 3769
981.6 3996
982.3000000000001 3839
982.6 3978
982.7 3910
983.0000000000001 3601
983.3000000000001 3879
983.5 3540
983.6 3968
983.8 3976
983.9 3785
983.9 3927
984.1 3815
984.3000000000001 3759
984.6 3543
984.7 3792
984.8 3803
985.0000000000001 3824
985.4 3772
985.8 3702
986.1 3754
986.1 3822
986.7 3464
986.8 3813
986.9 3493
986.9 3642
986.9 3694
986.9 3764
987.0000000000001 3891
987.2 3699
987.3000000000001 3559
987.6 3499
987.6 3649
987.7 3424
987.7 3608
987.8 3611
988.1 3939
988.2 3933
988.3000000000001 3443
988.5 3627
988.8 3571
988.8 3962
989.1 3842
989.1 3940
989.2 3756
989.4000000000001 3742
989.5 3474
989.5 3637
989.5 3766
989.6 3825
989.7 3621
989.9 3981
990.0000000000001 3954
990.3000000000001 3887
990.4000000000001 3506
990.5 3422
990.6 3953
990.9 3523
990.9 3610
990.9 3856
990.9 3943
991.0 3456
991.2 3948
991.6 3490
991.6 3603
991.6 3663
991.8 3859
992.3000000000001 3577
992.3000000000001 3609
992.6 3667
992.7 3426
993.0 3528
993.1 3743
993.2 3449
993.3000000000001 3741
993.5 3527
993.5 3681
993.6 3899
993.7 3519
994.1 3584
994.4000000000001 3682
994.5 3561
994.6 3569
994.7 3616
994.9 3639
995.0 3448
995.1 3647
995.2 3841
995.4000000000001 3514
995.6 3692
996.3000000000001 3757
996.3000000000001 3886
996.3000000000001 3911
996.4000000000001 3550
996.4000000000001 3589
996.5 3905
996.7 3789
996.9 3883
996.9 3932
997.3000000000001 3615
997.3000000000001 3641
997.4000000000001 3700
997.4000000000001 3990
997.6 3512
997.9 3568
998.0 3510
998.1 3457
998.5 3526
998.6 3418
998.6 3614
998.7 3972
998.9 3765
998.9 3826
999.5 3671
999.7 3950
999.8 3900
