18.9 3042
21.3 433
46.5 3394
58.800000000000004 1627
59.1 853
62.2 312
89.3 1549
101.9 2344
116.10000000000001 3010
129.9 2446
138.8 3382
139.20000000000002 2363
140.70000000000002 785
141.3 1645
146.4 2212
146.6 3251
148.50000000000003 257
164.3 2666
167.1 2089
171.0 2102
190.0 2237
206.0 1658
214.00000000000003 853
224.10000000000002 2477
230.0 3110
234.0 2175
250.20000000000002 3143
277.8 1750
287.3 885
288.3 881
294.9 2249
306.6 400
335.3 1372
342.7 1197
354.1 1355
355.4 753
364.6 1826
376.4 562
402.6 205
406.6 3396
409.1 1876
410.40000000000003 3334
414.0 1585
430.70000000000005 2098
437.5 1230
458.40000000000003 1340
471.0 1990
479.8 2064
496.6 237
502.40000000000003 557
521.1 3217
523.8000000000001 1736
525.2 688
538.6 2700
550.1 1742
559.9000000000001 1053
570.6 861
571.6999999999999 1826
573.8 318
586.2 1614
604.8 1884
610.5 943
617.6 3316
622.0 794
653.1 1414
668.3 2769
675.7 1181
680.9000000000001 1897
681.3 2570
683.8000000000001 182
691.6 1990
708.3000000000001 2108
720.3000000000001 949
739.2 2395
744.5 629
753.1999999999999 48
766.6 2324
781.9 1579
790.4 927
791.0 1361
801.9000000000001 1895
802.1 2290
804.7 3399
806.8000000000001 1517
814.8000000000001 1782
826.6 2362
836.6999999999999 400
863.4000000000001 1042
864.4000000000001 668
864.5 2834
871.1 571
904.6 2784
914.8000000000001 1495
919.0 1382
924.6 2567
924.9000000000001 2294
925.9000000000001 1565
930.7 1514
933.9000000000001 1973
941.6 1095
949.4 2917
958.4 624
960.1 2693
960.8000000000001 7
972.7 311
975.1 3316
978.0000000000001 1735
979.7 2921
982.0000000000001 804
987.3000000000001 2495
998.0 1262
999.1 3297
